p_i: (15, 2, 7)
q_i: (15, 2, 7)
p_i: (15, 3, 49)
q_i: (15, 3, 49)
p_i: (15, 4, 182)
q_i: (15, 4, 182)
p_i: (15, 5, 509)
q_i: (15, 5, 511)
p_i: (15, 6, 1001)
q_i: (15, 6, 1001)
p_i: (15, 7, 1517)
q_i: (15, 7, 1519)
p_i: (15, 8, 1712)
q_i: (15, 8, 1716)
p_i: (15, 9, 1517)
q_i: (15, 9, 1519)
p_i: (15, 10, 1001)
q_i: (15, 10, 1001)
p_i: (15, 11, 509)
q_i: (15, 11, 511)
p_i: (15, 12, 182)
q_i: (15, 12, 182)
p_i: (15, 13, 49)
q_i: (15, 13, 49)
p_i: (15, 14, 7)
q_i: (15, 14, 7)
finished 15
p_i: (16, 2, 8)
q_i: (16, 2, 8)
p_i: (16, 3, 56)
q_i: (16, 3, 56)
p_i: (16, 4, 231)
q_i: (16, 4, 231)
p_i: (16, 5, 693)
q_i: (16, 5, 693)
p_i: (16, 6, 1511)
q_i: (16, 6, 1512)
p_i: (16, 7, 2519)
q_i: (16, 7, 2520)
p_i: (16, 8, 3235)
q_i: (16, 8, 3235)
p_i: (16, 9, 3235)
q_i: (16, 9, 3235)
p_i: (16, 10, 2519)
q_i: (16, 10, 2520)
p_i: (16, 11, 1511)
q_i: (16, 11, 1512)
p_i: (16, 12, 693)
q_i: (16, 12, 693)
p_i: (16, 13, 231)
q_i: (16, 13, 231)
p_i: (16, 14, 56)
q_i: (16, 14, 56)
p_i: (16, 15, 8)
q_i: (16, 15, 8)
finished 16
