(3, 2, 1)
finished 3
(4, 2, 2)
(4, 3, 2)
finished 4
(5, 2, 2)
(5, 3, 4)
(5, 4, 2)
finished 5
(6, 2, 3)
(6, 3, 6)
(6, 4, 6)
(6, 5, 3)
finished 6
(7, 2, 3)
(7, 3, 9)
(7, 4, 10)
(7, 5, 9)
(7, 6, 3)
finished 7
(8, 2, 4)
(8, 3, 12)
(8, 4, 19)
(8, 5, 19)
(8, 6, 12)
(8, 7, 4)
finished 8
(9, 2, 4)
(9, 3, 16)
(9, 4, 28)
(9, 5, 38)
(9, 6, 28)
(9, 7, 16)
(9, 8, 4)
finished 9
(10, 2, 5)
(10, 3, 20)
(10, 4, 44)
(10, 5, 66)
(10, 6, 66)
(10, 7, 44)
(10, 8, 20)
(10, 9, 5)
finished 10
(11, 2, 5)
(11, 3, 25)
(11, 4, 60)
(11, 5, 110)
(11, 6, 126)
(11, 7, 110)
(11, 8, 60)
(11, 9, 25)
(11, 10, 5)
finished 11
(12, 2, 6)
(12, 3, 30)
(12, 4, 85)
(12, 5, 170)
(12, 6, 236)
(12, 7, 236)
(12, 8, 170)
(12, 9, 85)
(12, 10, 30)
(12, 11, 6)
finished 12
(13, 2, 6)
(13, 3, 36)
(13, 4, 110)
(13, 5, 255)
(13, 6, 396)
(13, 7, 472)
(13, 8, 396)
(13, 9, 255)
(13, 10, 110)
(13, 11, 36)
(13, 12, 6)
finished 13
(14, 2, 7)
(14, 3, 42)
(14, 4, 146)
(14, 5, 365)
(14, 6, 651)
(14, 7, 868)
(14, 8, 868)
(14, 9, 651)
(14, 10, 365)
(14, 11, 146)
(14, 12, 42)
(14, 13, 7)
finished 14
(15, 2, 7)
(15, 3, 49)
(15, 4, 182)
(15, 5, 511)
(15, 6, 1001)
(15, 7, 1519)
(15, 8, 1716)
(15, 9, 1519)
(15, 10, 1001)
(15, 11, 511)
(15, 12, 182)
(15, 13, 49)
(15, 14, 7)
finished 15
(16, 2, 8)
(16, 3, 56)
(16, 4, 231)
(16, 5, 693)
(16, 6, 1512)
(16, 7, 2520)
(16, 8, 3235)
(16, 9, 3235)
(16, 10, 2520)
(16, 11, 1512)
(16, 12, 693)
(16, 13, 231)
(16, 14, 56)
(16, 15, 8)
finished 16
