edge counts
2
2
map ranks
1
composition_ranks
[1]
1 1 
1 1 
edge counts
3
6
3
map ranks
3
3
composition_ranks
[3]
2 3 3 
3 2 3 
3 3 2 
edge counts
4
12
12
4
map ranks
4
12
4
composition_ranks
[12, 4]
0 0 0 0 0 0 1 1 0 1 1 0 
0 0 0 0 0 0 1 0 1 1 0 1 
0 0 0 1 0 1 0 1 1 0 0 0 
0 0 0 1 1 0 1 1 0 0 0 0 
0 0 0 0 1 1 0 0 0 0 1 1 
0 0 0 1 1 0 0 0 0 1 1 0 
1 0 1 1 0 1 0 0 0 0 0 0 
1 1 0 0 1 1 0 0 0 0 0 0 
1 1 0 0 0 0 0 0 0 0 1 1 
0 1 1 0 0 0 0 0 0 1 0 1 
1 0 1 0 0 0 0 1 1 0 0 0 
0 1 1 0 0 0 1 0 1 0 0 0 
14 14 14 6 
14 14 6 14 
6 14 14 14 
14 6 14 14 
edge counts
5
20
30
20
5
map ranks
5
20
20
5
composition_ranks
[20, 5]
2 3 3 0 0 0 0 0 0 0 0 0 3 2 3 0 3 2 3 0 
0 3 3 2 0 0 0 0 0 0 0 0 3 0 3 2 3 0 3 2 
0 0 0 0 0 3 3 2 0 2 3 3 0 0 0 0 2 3 0 3 
0 0 0 0 2 3 3 0 2 0 3 3 0 0 0 0 0 3 2 3 
3 0 3 2 0 0 0 0 3 0 3 2 0 0 0 0 0 3 3 2 
3 2 3 0 0 0 0 0 3 2 3 0 0 0 0 0 2 3 3 0 
3 2 0 3 3 3 0 2 3 2 0 3 0 0 0 0 0 0 0 0 
3 0 2 3 3 3 2 0 3 0 2 3 0 0 0 0 0 0 0 0 
2 3 0 3 3 2 0 3 0 0 0 0 0 2 3 3 0 0 0 0 
0 3 2 3 3 0 2 3 0 0 0 0 2 0 3 3 0 0 0 0 
0 0 0 0 0 0 0 0 0 3 3 2 3 3 0 2 3 3 0 2 
0 0 0 0 0 0 0 0 2 3 3 0 3 3 2 0 3 3 2 0 
0 0 0 0 0 3 2 3 0 3 2 3 2 3 0 3 0 0 0 0 
0 0 0 0 2 3 0 3 2 3 0 3 0 3 2 3 0 0 0 0 
0 0 0 0 0 2 3 3 0 0 0 0 3 2 0 3 3 2 0 3 
0 0 0 0 2 0 3 3 0 0 0 0 3 0 2 3 3 0 2 3 
2 0 3 3 3 2 3 0 0 0 0 0 0 0 0 0 0 2 3 3 
0 2 3 3 3 0 3 2 0 0 0 0 0 0 0 0 2 0 3 3 
3 3 0 2 0 0 0 0 3 3 0 2 0 3 3 2 0 0 0 0 
3 3 2 0 0 0 0 0 3 3 2 0 2 3 3 0 0 0 0 0 
24 90 90 90 90 
90 90 90 90 24 
90 90 90 24 90 
90 24 90 90 90 
90 90 24 90 90 
edge counts
6
30
60
60
30
6
map ranks
6
30
60
30
6
composition_ranks
[60, 30, 6]
0 0 0 0 1 1 0 0 0 0 0 0 0 0 0 0 0 0 0 0 1 0 0 1 0 0 0 0 0 0 0 0 1 0 1 0 0 0 0 0 0 0 0 0 0 0 0 0 0 0 0 0 0 0 0 0 0 0 0 0 
0 0 0 0 1 0 0 1 0 0 0 0 0 0 0 0 0 0 0 0 1 1 0 0 0 0 0 0 0 0 0 0 1 0 0 1 0 0 0 0 0 0 0 0 0 0 0 0 0 0 0 0 0 0 0 0 0 0 0 0 
0 0 0 0 1 0 1 0 0 0 0 0 0 0 0 0 0 0 0 0 1 0 1 0 0 0 0 0 0 0 0 0 1 1 0 0 0 0 0 0 0 0 0 0 0 0 0 0 0 0 0 0 0 0 0 0 0 0 0 0 
0 0 0 0 0 0 0 0 0 0 0 0 0 0 0 0 0 0 0 0 0 0 0 0 0 0 0 0 0 0 0 0 0 1 1 0 1 1 0 0 0 0 0 0 0 0 0 0 0 0 0 0 1 0 1 0 0 0 0 0 
0 0 0 0 0 0 0 0 0 0 0 0 0 0 0 0 0 0 0 0 0 0 0 0 0 0 0 0 0 0 0 0 1 1 0 0 1 0 1 0 0 0 0 0 0 0 0 0 0 0 0 0 1 1 0 0 0 0 0 0 
0 0 0 0 0 0 0 0 0 0 0 0 0 0 0 0 0 0 0 0 0 0 0 0 0 0 0 0 0 0 0 0 0 1 0 1 1 0 0 1 0 0 0 0 0 0 0 0 0 0 0 0 1 0 0 1 0 0 0 0 
0 0 0 0 0 0 0 0 0 0 0 0 1 0 1 0 0 0 0 0 0 0 0 0 0 0 0 0 0 0 0 0 0 0 0 0 0 0 0 0 0 0 0 0 1 0 1 0 0 0 0 0 0 0 0 0 1 0 1 0 
0 0 0 0 0 0 0 0 0 0 0 0 1 1 0 0 0 0 0 0 0 0 0 0 0 0 0 0 0 0 0 0 0 0 0 0 0 0 0 0 0 0 0 0 1 0 0 1 0 0 0 0 0 0 0 0 1 0 0 1 
0 0 0 0 0 0 0 0 0 0 0 0 1 0 0 1 0 0 0 0 0 0 0 0 0 0 0 0 0 0 0 0 0 0 0 0 0 0 0 0 0 0 0 0 1 1 0 0 0 0 0 0 0 0 0 0 1 1 0 0 
0 0 0 0 0 0 0 0 1 0 1 0 0 0 0 0 1 0 1 0 0 0 0 0 0 0 0 0 0 0 0 0 0 0 1 1 0 0 0 0 0 0 0 0 0 0 0 0 0 0 0 0 0 0 0 0 0 0 0 0 
0 0 0 0 0 0 0 0 1 0 0 1 0 0 0 0 1 1 0 0 0 0 0 0 0 0 0 0 0 0 0 0 1 0 1 0 0 0 0 0 0 0 0 0 0 0 0 0 0 0 0 0 0 0 0 0 0 0 0 0 
0 0 0 0 0 0 0 0 1 1 0 0 0 0 0 0 1 0 0 1 0 0 0 0 0 0 0 0 0 0 0 0 0 1 1 0 0 0 0 0 0 0 0 0 0 0 0 0 0 0 0 0 0 0 0 0 0 0 0 0 
0 0 0 0 0 0 0 0 0 0 0 0 0 0 0 0 0 0 0 0 0 1 1 0 1 1 0 0 0 0 0 0 0 0 0 0 0 0 0 0 1 0 1 0 0 0 0 0 0 0 0 0 0 0 0 0 0 0 0 0 
0 0 0 0 0 0 0 0 0 0 0 0 0 0 0 0 0 0 0 0 0 1 0 1 1 0 1 0 0 0 0 0 0 0 0 0 0 0 0 0 1 0 0 1 0 0 0 0 0 0 0 0 0 0 0 0 0 0 0 0 
0 0 0 0 0 0 0 0 0 0 0 0 0 0 0 0 0 0 0 0 1 1 0 0 1 0 0 1 0 0 0 0 0 0 0 0 0 0 0 0 1 1 0 0 0 0 0 0 0 0 0 0 0 0 0 0 0 0 0 0 
0 0 0 0 0 0 0 0 0 1 1 0 0 0 0 0 0 0 0 0 0 0 0 0 0 0 0 0 0 0 0 0 0 0 0 0 0 1 0 1 0 0 0 0 0 1 1 0 0 0 0 0 0 0 0 0 0 0 0 0 
0 0 0 0 0 0 0 0 1 1 0 0 0 0 0 0 0 0 0 0 0 0 0 0 0 0 0 0 0 0 0 0 0 0 0 0 1 1 0 0 0 0 0 0 0 1 0 1 0 0 0 0 0 0 0 0 0 0 0 0 
0 0 0 0 0 0 0 0 0 1 0 1 0 0 0 0 0 0 0 0 0 0 0 0 0 0 0 0 0 0 0 0 0 0 0 0 0 1 1 0 0 0 0 0 1 1 0 0 0 0 0 0 0 0 0 0 0 0 0 0 
0 0 0 0 0 0 0 0 0 0 0 0 0 0 0 0 0 0 0 0 0 1 1 0 0 0 0 0 0 0 0 0 0 0 0 0 0 0 1 1 0 0 0 0 0 0 0 0 0 0 0 0 0 0 0 0 0 1 1 0 
0 0 0 0 0 0 0 0 0 0 0 0 0 0 0 0 0 0 0 0 1 0 1 0 0 0 0 0 0 0 0 0 0 0 0 0 1 0 1 0 0 0 0 0 0 0 0 0 0 0 0 0 0 0 0 0 0 1 0 1 
0 0 0 0 0 0 0 0 0 0 0 0 0 0 0 0 0 0 0 0 0 0 1 1 0 0 0 0 0 0 0 0 0 0 0 0 0 1 1 0 0 0 0 0 0 0 0 0 0 0 0 0 0 0 0 0 1 1 0 0 
0 0 0 0 0 0 0 0 0 0 0 0 0 0 0 0 0 0 0 0 0 0 0 0 0 0 0 0 0 0 0 0 0 0 1 1 0 0 0 0 0 1 0 1 0 0 0 0 1 1 0 0 0 0 0 0 0 0 0 0 
0 0 0 0 0 0 0 0 0 0 0 0 0 0 0 0 0 0 0 0 0 0 0 0 0 0 0 0 0 0 0 0 1 0 0 1 0 0 0 0 1 1 0 0 0 0 0 0 1 0 1 0 0 0 0 0 0 0 0 0 
0 0 0 0 0 0 0 0 0 0 0 0 0 0 0 0 0 0 0 0 0 0 0 0 0 0 0 0 0 0 0 0 0 1 0 1 0 0 0 0 0 1 1 0 0 0 0 0 1 0 0 1 0 0 0 0 0 0 0 0 
0 0 0 0 0 1 1 0 0 0 0 0 1 1 0 0 0 1 0 1 0 0 0 0 0 0 0 0 0 0 0 0 0 0 0 0 0 0 0 0 0 0 0 0 0 0 0 0 0 0 0 0 0 0 0 0 0 0 0 0 
0 0 0 0 1 1 0 0 0 0 0 0 0 1 0 1 1 1 0 0 0 0 0 0 0 0 0 0 0 0 0 0 0 0 0 0 0 0 0 0 0 0 0 0 0 0 0 0 0 0 0 0 0 0 0 0 0 0 0 0 
0 0 0 0 0 1 0 1 0 0 0 0 0 1 1 0 0 1 1 0 0 0 0 0 0 0 0 0 0 0 0 0 0 0 0 0 0 0 0 0 0 0 0 0 0 0 0 0 0 0 0 0 0 0 0 0 0 0 0 0 
1 1 0 0 0 0 0 0 0 0 0 0 0 0 0 0 0 0 0 0 0 0 0 0 0 0 0 0 1 1 0 0 0 0 0 0 0 0 0 0 0 0 0 0 1 0 1 0 0 0 0 0 0 0 0 0 0 0 0 0 
1 0 0 1 0 0 0 0 0 0 0 0 0 0 0 0 0 0 0 0 0 0 0 0 0 0 0 0 1 0 1 0 0 0 0 0 0 0 0 0 0 0 0 0 0 1 1 0 0 0 0 0 0 0 0 0 0 0 0 0 
1 0 1 0 0 0 0 0 0 0 0 0 0 0 0 0 0 0 0 0 0 0 0 0 0 0 0 0 1 0 0 1 0 0 0 0 0 0 0 0 0 0 0 0 0 0 1 1 0 0 0 0 0 0 0 0 0 0 0 0 
0 0 0 0 0 0 0 0 0 0 0 0 0 0 0 0 0 0 0 0 0 0 0 0 1 1 0 0 0 1 1 0 0 0 0 0 0 0 0 0 0 0 0 0 0 0 0 0 0 0 0 0 0 0 0 0 0 1 1 0 
0 0 0 0 0 0 0 0 0 0 0 0 0 0 0 0 0 0 0 0 0 0 0 0 0 1 1 0 1 1 0 0 0 0 0 0 0 0 0 0 0 0 0 0 0 0 0 0 0 0 0 0 0 0 0 0 1 0 1 0 
0 0 0 0 0 0 0 0 0 0 0 0 0 0 0 0 0 0 0 0 0 0 0 0 0 1 0 1 0 1 0 1 0 0 0 0 0 0 0 0 0 0 0 0 0 0 0 0 0 0 0 0 0 0 0 0 0 0 1 1 
0 0 0 0 0 0 0 0 0 0 0 0 0 0 0 0 0 0 0 0 0 0 0 0 0 0 0 0 0 1 1 0 0 0 0 0 0 0 1 1 1 0 1 0 0 0 0 0 0 0 0 0 0 0 0 0 0 0 0 0 
0 0 0 0 0 0 0 0 0 0 0 0 0 0 0 0 0 0 0 0 0 0 0 0 0 0 0 0 1 0 1 0 0 0 0 0 0 1 0 1 0 0 1 1 0 0 0 0 0 0 0 0 0 0 0 0 0 0 0 0 
0 0 0 0 0 0 0 0 0 0 0 0 0 0 0 0 0 0 0 0 0 0 0 0 0 0 0 0 0 0 1 1 0 0 0 0 1 0 0 1 0 1 1 0 0 0 0 0 0 0 0 0 0 0 0 0 0 0 0 0 
1 1 0 0 0 0 0 0 0 0 0 0 1 0 1 0 0 0 0 0 0 0 0 0 0 1 1 0 0 0 0 0 0 0 0 0 0 0 0 0 0 0 0 0 0 0 0 0 0 0 0 0 0 0 0 0 0 0 0 0 
0 1 0 1 0 0 0 0 0 0 0 0 0 0 1 1 0 0 0 0 0 0 0 0 1 0 1 0 0 0 0 0 0 0 0 0 0 0 0 0 0 0 0 0 0 0 0 0 0 0 0 0 0 0 0 0 0 0 0 0 
0 1 1 0 0 0 0 0 0 0 0 0 0 1 1 0 0 0 0 0 0 0 0 0 0 0 1 1 0 0 0 0 0 0 0 0 0 0 0 0 0 0 0 0 0 0 0 0 0 0 0 0 0 0 0 0 0 0 0 0 
0 0 0 0 0 1 1 0 0 0 0 0 0 0 0 0 0 0 0 0 0 0 0 0 0 0 0 0 0 0 0 0 0 0 0 0 0 0 0 0 0 0 0 0 0 0 0 0 0 0 0 0 0 1 1 0 1 0 0 1 
0 0 0 0 0 0 1 1 0 0 0 0 0 0 0 0 0 0 0 0 0 0 0 0 0 0 0 0 0 0 0 0 0 0 0 0 0 0 0 0 0 0 0 0 0 0 0 0 0 0 0 0 0 1 0 1 0 0 1 1 
0 0 0 0 1 0 1 0 0 0 0 0 0 0 0 0 0 0 0 0 0 0 0 0 0 0 0 0 0 0 0 0 0 0 0 0 0 0 0 0 0 0 0 0 0 0 0 0 0 0 0 0 1 1 0 0 0 1 0 1 
0 0 1 1 0 0 0 0 0 0 0 0 0 0 0 0 1 0 1 0 0 0 0 0 0 0 0 0 0 0 0 0 0 0 0 0 0 0 0 0 0 0 0 0 0 0 0 0 1 1 0 0 0 0 0 0 0 0 0 0 
1 0 1 0 0 0 0 0 0 0 0 0 0 0 0 0 0 0 1 1 0 0 0 0 0 0 0 0 0 0 0 0 0 0 0 0 0 0 0 0 0 0 0 0 0 0 0 0 0 1 0 1 0 0 0 0 0 0 0 0 
0 1 1 0 0 0 0 0 0 0 0 0 0 0 0 0 0 1 1 0 0 0 0 0 0 0 0 0 0 0 0 0 0 0 0 0 0 0 0 0 0 0 0 0 0 0 0 0 0 1 1 0 0 0 0 0 0 0 0 0 
1 0 0 1 0 0 0 0 0 1 1 0 0 0 0 0 0 0 0 0 0 0 0 0 0 0 0 0 0 0 0 0 0 0 0 0 0 0 0 0 0 0 1 1 0 0 0 0 0 0 0 0 0 0 0 0 0 0 0 0 
0 0 1 1 0 0 0 0 1 0 1 0 0 0 0 0 0 0 0 0 0 0 0 0 0 0 0 0 0 0 0 0 0 0 0 0 0 0 0 0 0 1 0 1 0 0 0 0 0 0 0 0 0 0 0 0 0 0 0 0 
0 1 0 1 0 0 0 0 0 0 1 1 0 0 0 0 0 0 0 0 0 0 0 0 0 0 0 0 0 0 0 0 0 0 0 0 0 0 0 0 1 0 0 1 0 0 0 0 0 0 0 0 0 0 0 0 0 0 0 0 
0 0 0 0 0 0 1 1 0 0 0 0 0 0 0 0 0 0 0 0 0 0 0 0 0 1 0 1 0 0 0 0 0 0 0 0 0 0 0 0 0 0 0 0 0 0 0 0 0 0 1 1 0 0 0 0 0 0 0 0 
0 0 0 0 1 0 0 1 0 0 0 0 0 0 0 0 0 0 0 0 0 0 0 0 1 0 0 1 0 0 0 0 0 0 0 0 0 0 0 0 0 0 0 0 0 0 0 0 1 0 1 0 0 0 0 0 0 0 0 0 
0 0 0 0 0 1 0 1 0 0 0 0 0 0 0 0 0 0 0 0 0 0 0 0 0 0 1 1 0 0 0 0 0 0 0 0 0 0 0 0 0 0 0 0 0 0 0 0 0 1 1 0 0 0 0 0 0 0 0 0 
0 0 0 0 0 0 0 0 0 0 1 1 0 0 1 1 0 0 0 0 0 1 0 1 0 0 0 0 0 0 0 0 0 0 0 0 0 0 0 0 0 0 0 0 0 0 0 0 0 0 0 0 0 0 0 0 0 0 0 0 
0 0 0 0 0 0 0 0 1 0 0 1 0 1 0 1 0 0 0 0 1 0 0 1 0 0 0 0 0 0 0 0 0 0 0 0 0 0 0 0 0 0 0 0 0 0 0 0 0 0 0 0 0 0 0 0 0 0 0 0 
0 0 0 0 0 0 0 0 0 1 0 1 1 0 0 1 0 0 0 0 0 0 1 1 0 0 0 0 0 0 0 0 0 0 0 0 0 0 0 0 0 0 0 0 0 0 0 0 0 0 0 0 0 0 0 0 0 0 0 0 
0 0 0 0 0 0 0 0 0 0 0 0 0 0 0 0 0 1 0 1 0 0 0 0 0 0 0 0 0 0 0 0 0 0 0 0 0 0 0 0 0 0 0 0 1 0 0 1 0 0 0 0 0 1 1 0 0 0 0 0 
0 0 0 0 0 0 0 0 0 0 0 0 0 0 0 0 1 0 0 1 0 0 0 0 0 0 0 0 0 0 0 0 0 0 0 0 0 0 0 0 0 0 0 0 0 1 0 1 0 0 0 0 1 0 1 0 0 0 0 0 
0 0 0 0 0 0 0 0 0 0 0 0 0 0 0 0 0 0 1 1 0 0 0 0 0 0 0 0 0 0 0 0 0 0 0 0 0 0 0 0 0 0 0 0 0 0 1 1 0 0 0 0 0 0 1 1 0 0 0 0 
0 0 0 0 0 0 0 0 0 0 0 0 0 0 0 0 0 0 0 0 0 0 0 0 0 0 0 0 0 1 0 1 0 0 0 0 0 0 0 0 0 0 0 0 0 0 0 0 0 0 1 1 0 1 0 1 0 0 0 0 
0 0 0 0 0 0 0 0 0 0 0 0 0 0 0 0 0 0 0 0 0 0 0 0 0 0 0 0 1 0 0 1 0 0 0 0 0 0 0 0 0 0 0 0 0 0 0 0 0 1 0 1 0 0 1 1 0 0 0 0 
0 0 0 0 0 0 0 0 0 0 0 0 0 0 0 0 0 0 0 0 0 0 0 0 0 0 0 0 0 0 1 1 0 0 0 0 0 0 0 0 0 0 0 0 0 0 0 0 1 0 0 1 1 0 0 1 0 0 0 0 
6 14 14 14 0 6 14 0 14 14 0 0 0 0 0 0 0 0 0 0 14 14 6 0 14 0 6 14 14 14 
0 14 14 14 6 0 14 6 14 14 0 0 0 0 0 0 0 0 0 0 14 14 0 6 14 6 0 14 14 14 
14 14 14 6 0 0 0 0 0 0 14 6 14 0 14 0 0 0 0 0 14 6 14 0 14 0 14 6 14 14 
14 14 14 0 6 0 0 0 0 0 14 0 14 6 14 0 0 0 0 0 14 0 14 6 14 6 14 0 14 14 
0 0 0 0 0 0 0 0 0 0 0 6 14 14 14 14 14 6 0 14 0 6 14 14 14 14 14 6 0 14 
0 0 0 0 0 0 0 0 0 0 6 0 14 14 14 14 14 0 6 14 6 0 14 14 14 14 14 0 6 14 
14 6 14 14 0 14 6 0 14 14 14 14 6 0 14 0 0 0 0 0 14 14 14 0 6 0 0 0 0 0 
14 0 14 14 6 14 0 6 14 14 14 14 0 6 14 0 0 0 0 0 14 14 14 6 0 0 0 0 0 0 
14 6 0 14 14 14 6 14 0 14 14 14 6 14 0 6 14 14 14 0 0 0 0 0 0 0 0 0 0 0 
14 0 6 14 14 14 0 14 6 14 14 14 0 14 6 0 14 14 14 6 0 0 0 0 0 0 0 0 0 0 
14 14 6 14 0 14 14 0 6 14 14 14 14 0 6 0 0 0 0 0 0 0 0 0 0 0 14 14 14 6 
14 14 0 14 6 14 14 6 0 14 14 14 14 6 0 0 0 0 0 0 0 0 0 0 0 6 14 14 14 0 
0 0 0 0 0 14 14 14 6 0 0 14 14 14 6 14 14 14 0 6 0 0 0 0 0 14 14 14 0 6 
0 0 0 0 0 14 14 14 0 6 6 14 14 14 0 14 14 14 6 0 0 0 0 0 0 14 14 14 6 0 
0 14 14 6 14 0 0 0 0 0 0 0 0 0 0 14 0 6 14 14 14 6 0 14 14 14 0 6 14 14 
6 14 14 0 14 0 0 0 0 0 0 0 0 0 0 14 6 0 14 14 14 0 6 14 14 14 6 0 14 14 
0 14 6 14 14 0 14 14 6 14 0 0 0 0 0 14 0 14 14 6 0 0 0 0 0 14 0 14 14 6 
6 14 0 14 14 6 14 14 0 14 0 0 0 0 0 14 6 14 14 0 0 0 0 0 0 14 6 14 14 0 
0 0 0 0 0 14 6 14 14 0 0 14 6 14 14 6 14 14 0 14 0 14 14 14 6 0 0 0 0 0 
0 0 0 0 0 14 0 14 14 6 6 14 0 14 14 0 14 14 6 14 6 14 14 14 0 0 0 0 0 0 
14 6 14 0 14 0 0 0 0 0 14 0 6 14 14 6 14 0 14 14 14 0 14 14 6 0 0 0 0 0 
14 0 14 6 14 0 0 0 0 0 14 6 0 14 14 0 14 6 14 14 14 6 14 14 0 0 0 0 0 0 
0 0 0 0 0 6 14 14 14 0 0 0 0 0 0 14 6 14 0 14 0 14 6 14 14 14 6 14 0 14 
0 0 0 0 0 0 14 14 14 6 0 0 0 0 0 14 0 14 6 14 6 14 0 14 14 14 0 14 6 14 
0 0 0 0 0 14 14 0 14 6 6 14 14 0 14 0 0 0 0 0 6 14 14 0 14 0 14 14 6 14 
0 0 0 0 0 14 14 6 14 0 0 14 14 6 14 0 0 0 0 0 0 14 14 6 14 6 14 14 0 14 
0 6 14 14 14 0 6 14 14 14 0 0 0 0 0 6 0 14 14 14 14 14 0 14 6 0 0 0 0 0 
6 0 14 14 14 6 0 14 14 14 0 0 0 0 0 0 6 14 14 14 14 14 6 14 0 0 0 0 0 0 
14 14 6 0 14 0 0 0 0 0 14 0 14 14 6 14 14 0 14 6 0 0 0 0 0 14 14 0 14 6 
14 14 0 6 14 0 0 0 0 0 14 6 14 14 0 14 14 6 14 0 0 0 0 0 0 14 14 6 14 0 
744 744 744 120 744 744 
120 744 744 744 744 744 
744 744 120 744 744 744 
744 120 744 744 744 744 
744 744 744 744 120 744 
744 744 744 744 744 120 
