cyclic_groups
('poset dims', 2) [1, 1]
('matrix dimensions', 2) [1]
('matrix compositions', 2) [array([[ 4.]])]
('poset dims', 3) [1, 1, 1]
('matrix dimensions', 3) [1, 1]
('matrix compositions', 3) [array([[ 324.]])]
('poset dims', 4) [1, 2, 2, 1]
('matrix dimensions', 4) [1, 1, 1]
('matrix compositions', 4) [array([[ 16.,  32.],
       [ 32.,  64.]]), array([[ 102400.]])]
('poset dims', 5) [1, 2, 4, 2, 1]
('matrix dimensions', 5) [1, 2, 2, 1]
('matrix compositions', 5) [array([[ 22500.,  22500.],
       [ 22500.,  22500.]]), array([[  2.25000000e+08]])]
('poset dims', 6) [1, 3, 9, 9, 3, 1]
('matrix dimensions', 6) [1, 3, 6, 3, 1]
('matrix compositions', 6) [array([[  36.,   36.,   36.,   36.,    0.,    0.,    0.,    0.,    0.],
       [   0.,   36.,   72.,   36.,   36.,   72.,   36.,   36.,   36.],
       [  36.,   36.,   36.,   36.,   36.,   36.,   36.,   36.,   36.],
       [   0.,   36.,    0.,   36.,   36.,    0.,   36.,   36.,   36.],
       [   0.,   36.,   72.,   36.,   72.,  144.,   72.,    0.,    0.],
       [  36.,   36.,   36.,   36.,   72.,   72.,   72.,    0.,    0.],
       [   0.,   36.,   72.,   36.,   36.,   72.,   36.,   36.,   36.],
       [  36.,   36.,   36.,   36.,   36.,   36.,   36.,   36.,   36.],
       [   0.,   36.,    0.,   36.,   36.,    0.,   36.,   36.,   36.]]), array([[ 15489792.,  20342016.,   9144576.],
       [ 12130560.,  15489792.,   7278336.],
       [  7278336.,   9144576.,   4665600.]]), array([[  4.20118991e+11]])]
('poset dims', 7) [1, 3, 12, 17, 12, 3, 1]
('matrix dimensions', 7) [1, 3, 12, 12, 3, 1]
('matrix compositions', 7) [array([[ 16807.,  14406.,   4802.,  16807.,  31213.,  14406.,  31213.,
         52822.,  45619.,  33614.,  45619.,  81634.],
       [ 16807.,   4802.,  24010.,  16807.,  26411.,  33614.,  26411.,
         33614.,  36015.,  24010.,  36015.,  52822.],
       [ 36015.,  52822.,  24010.,  36015.,  16807.,   4802.,  16807.,
         24010.,  26411.,  33614.,  26411.,  33614.],
       [ 45619.,  81634.,  33614.,  45619.,  16807.,  14406.,  16807.,
          4802.,  31213.,  52822.,  31213.,  14406.],
       [ 19208.,  31213.,  16807.,  21609.,  19208.,  16807.,  21609.,
         36015.,  26411.,  26411.,  28812.,  45619.],
       [ 19208.,  16807.,  36015.,  21609.,  26411.,  45619.,  28812.,
         26411.,  19208.,  16807.,  21609.,  31213.],
       [ 26411.,  45619.,  26411.,  28812.,  19208.,  31213.,  21609.,
         16807.,  19208.,  36015.,  21609.,  16807.],
       [ 21609.,  31213.,  16807.,  19208.,  21609.,  16807.,  19208.,
         36015.,  28812.,  26411.,  26411.,  45619.],
       [ 21609.,  16807.,  36015.,  19208.,  28812.,  45619.,  26411.,
         26411.,  21609.,  16807.,  19208.,  31213.],
       [ 28812.,  45619.,  26411.,  26411.,  21609.,  31213.,  19208.,
         16807.,  21609.,  36015.,  19208.,  16807.],
       [ 31213.,  14406.,  52822.,  31213.,  45619.,  81634.,  45619.,
         33614.,  16807.,   4802.,  16807.,  14406.],
       [ 26411.,  33614.,  33614.,  26411.,  36015.,  52822.,  36015.,
         24010.,  16807.,  24010.,  16807.,   4802.]]), array([[  3.72175553e+10,   3.72175553e+10,   4.13682120e+10],
       [  3.72175553e+10,   4.13682120e+10,   3.72175553e+10],
       [  4.13682120e+10,   3.72175553e+10,   3.72175553e+10]]), array([[  3.33652533e+15]])]
('poset dims', 8) [1, 4, 18, 33, 33, 18, 4, 1]
('matrix dimensions', 8) [1, 4, 18, 31, 18, 4, 1]
('matrix compositions', 8) [array([[   0.,    0.,    0., ...,    0.,   64.,    0.],
       [   0.,    0.,    0., ...,    0.,    0.,    0.],
       [   0.,    0.,    0., ...,  128.,    0.,    0.],
       ..., 
       [   0.,    0.,    0., ...,    0.,    0.,    0.],
       [   0.,    0.,    0., ...,    0.,    0.,    0.],
       [  64.,   64.,   64., ...,    0.,    0.,    0.]]), array([[ 14680064.,  17563648.,  23855104.,  10747904.,  17039360.,
         21495808.,  19922944.,  25690112.,  29884416.,  21495808.,
         25690112.,  35651584.,  26738688.,  30932992.,  23592960.,
         10485760.,  17825792.,  20971520.],
       [ 12582912.,   7340032.,   7340032.,   7340032.,   7340032.,
         10223616.,  11796480.,  17825792.,  20971520.,  10747904.,
         10747904.,  11796480.,  17825792.,  20971520.,  10223616.,
          8912896.,  13631488.,  16777216.],
       [ 14680064.,  17039360.,  10747904.,  23855104.,  17563648.,
         23592960.,  35651584.,  26738688.,  30932992.,  25690112.,
         21495808.,  19922944.,  25690112.,  29884416.,  21495808.,
         10485760.,  17825792.,  20971520.],
       [ 49283072.,  30408704.,  30408704.,  30408704.,  30408704.,
         19922944.,  26738688.,  14680064.,  14680064.,  19922944.,
         19922944.,  26738688.,  14680064.,  14680064.,  19922944.,
         23592960.,  12582912.,  12582912.],
       [ 23592960.,  11534336.,  11534336.,  11534336.,  11534336.,
          7340032.,   8912896.,  10485760.,  10485760.,   7340032.,
          7340032.,   8912896.,  10485760.,  10485760.,   7340032.,
         12845056.,   8912896.,   8912896.],
       [ 14680064.,  17039360.,  23855104.,  10747904.,  17563648.,
         21495808.,  19922944.,  29884416.,  25690112.,  21495808.,
         23592960.,  35651584.,  30932992.,  26738688.,  25690112.,
         10485760.,  20971520.,  17825792.],
       [ 12582912.,   7340032.,   7340032.,   7340032.,   7340032.,
         10747904.,  11796480.,  20971520.,  17825792.,  10223616.,
         10223616.,  11796480.,  20971520.,  17825792.,  10747904.,
          8912896.,  16777216.,  13631488.],
       [ 14680064.,  17563648.,  10747904.,  23855104.,  17039360.,
         25690112.,  35651584.,  30932992.,  26738688.,  23592960.,
         21495808.,  19922944.,  29884416.,  25690112.,  21495808.,
         10485760.,  20971520.,  17825792.],
       [ 30408704.,  34078720.,  33030144.,  33030144.,  27787264.,
         29884416.,  41680896.,  17563648.,  17039360.,  24641536.,
         29884416.,  41680896.,  17039360.,  17563648.,  24641536.,
         11534336.,   7340032.,   7340032.],
       [ 19922944.,  29884416.,  40108032.,  20709376.,  24641536.,
         25690112.,  29884416.,  21495808.,  21495808.,  21495808.,
         35127296.,  57147392.,  23592960.,  25690112.,  30932992.,
          7340032.,  10223616.,  10747904.],
       [ 19922944.,  29884416.,  20709376.,  40108032.,  24641536.,
         35127296.,  57147392.,  25690112.,  23592960.,  30932992.,
         25690112.,  29884416.,  21495808.,  21495808.,  21495808.,
          7340032.,  10747904.,  10223616.],
       [ 30408704.,  27787264.,  33030144.,  33030144.,  34078720.,
         24641536.,  41680896.,  17039360.,  17563648.,  29884416.,
         24641536.,  41680896.,  17563648.,  17039360.,  29884416.,
         11534336.,   7340032.,   7340032.],
       [ 19922944.,  24641536.,  40108032.,  20709376.,  29884416.,
         21495808.,  29884416.,  21495808.,  21495808.,  25690112.,
         30932992.,  57147392.,  25690112.,  23592960.,  35127296.,
          7340032.,  10747904.,  10223616.],
       [ 19922944.,  24641536.,  20709376.,  40108032.,  29884416.,
         30932992.,  57147392.,  23592960.,  25690112.,  35127296.,
         21495808.,  29884416.,  21495808.,  21495808.,  25690112.,
          7340032.,  10223616.,  10747904.],
       [ 30408704.,  33030144.,  47710208.,  18350080.,  33030144.,
         20709376.,  12582912.,  10747904.,  10747904.,  20709376.,
         40108032.,  65536000.,  23855104.,  23855104.,  40108032.,
         11534336.,   7340032.,   7340032.],
       [ 26738688.,  41680896.,  65536000.,  12582912.,  41680896.,
         29884416.,  10485760.,  19922944.,  19922944.,  29884416.,
         57147392.,  95420416.,  35651584.,  35651584.,  57147392.,
          8912896.,  11796480.,  11796480.],
       [ 30408704.,  33030144.,  18350080.,  47710208.,  33030144.,
         40108032.,  65536000.,  23855104.,  23855104.,  40108032.,
         20709376.,  12582912.,  10747904.,  10747904.,  20709376.,
         11534336.,   7340032.,   7340032.],
       [ 26738688.,  41680896.,  12582912.,  65536000.,  41680896.,
         57147392.,  95420416.,  35651584.,  35651584.,  57147392.,
         29884416.,  10485760.,  19922944.,  19922944.,  29884416.,
          8912896.,  11796480.,  11796480.]]), array([[  8.12650762e+13,   8.53495901e+13,   8.53495901e+13,
          2.63818366e+13],
       [  8.53495901e+13,   9.10790765e+13,   1.05510167e+14,
          3.25171974e+13],
       [  2.63818366e+13,   3.25171974e+13,   3.25171974e+13,
          1.46297324e+13],
       [  8.53495901e+13,   1.05510167e+14,   9.10790765e+13,
          3.25171974e+13]]), array([[  1.49244410e+19]])]
('poset dims', 9) [1, 4, 25, 53, 65, 53, 25, 4, 1]
('matrix dimensions', 9) [1, 4, 25, 53, 53, 25, 4, 1]
('matrix compositions', 9) [array([[     0.,      0.,      0., ...,  13122.,      0.,      0.],
       [     0.,      0.,      0., ...,      0.,      0.,      0.],
       [     0.,      0.,      0., ...,      0.,      0.,      0.],
       ..., 
       [     0.,      0.,      0., ...,  19683.,      0.,      0.],
       [     0.,      0.,      0., ...,   6561.,      0.,      0.],
       [     0.,      0.,      0., ...,      0.,      0.,      0.]]), array([[  2.41922572e+10,   3.76228342e+10,   2.41922572e+10,
          4.70500661e+10,   3.47387038e+10,   2.56988924e+10,
          4.68778792e+10,   7.83019855e+10,   4.28745341e+10,
          6.73681184e+10,   6.19011848e+10,   4.79540472e+10,
          2.90995834e+10,   3.52552645e+10,   3.00035645e+10,
          3.54274514e+10,   4.60599915e+10,   3.62883858e+10,
          1.52385392e+10,   3.76228342e+10,   3.47387038e+10,
          2.38048367e+10,   8.80735912e+10,   5.99210356e+10,
          5.02785701e+10],
       [  2.84538826e+10,   2.41922572e+10,   2.81095088e+10,
          2.34174162e+10,   2.41922572e+10,   2.86260695e+10,
          2.84538826e+10,   4.69639726e+10,   2.81095088e+10,
          7.95503404e+10,   5.99210356e+10,   5.02785701e+10,
          3.30168350e+10,   2.63445933e+10,   3.38347227e+10,
          2.84538826e+10,   4.68348324e+10,   3.89142358e+10,
          1.52385392e+10,   4.68778792e+10,   4.28745341e+10,
          3.22419940e+10,   1.12136708e+11,   6.94343610e+10,
          6.09111102e+10],
       [  2.63445933e+10,   2.90995834e+10,   2.84538826e+10,
          2.72055277e+10,   3.00035645e+10,   2.32452293e+10,
          3.30168350e+10,   4.66195988e+10,   3.38347227e+10,
          4.90732619e+10,   4.60599915e+10,   3.62883858e+10,
          3.04770785e+10,   3.04770785e+10,   3.46956571e+10,
          3.46956571e+10,   4.10665718e+10,   3.19406670e+10,
          2.23842949e+10,   3.52552645e+10,   3.54274514e+10,
          2.40200703e+10,   6.58184364e+10,   4.68348324e+10,
          3.89142358e+10],
       [  1.12136708e+11,   7.83019855e+10,   1.12136708e+11,
          6.42257077e+10,   7.83019855e+10,   1.90266507e+11,
          4.69639726e+10,   6.69806979e+10,   4.69639726e+10,
          3.49539375e+10,   2.56988924e+10,   2.56988924e+10,
          6.58184364e+10,   4.66195988e+10,   6.58184364e+10,
          4.66195988e+10,   2.32452293e+10,   2.32452293e+10,
          4.64904587e+09,   8.80735912e+10,   8.80735912e+10,
          1.30087191e+11,   6.69806979e+10,   2.86260695e+10,
          2.86260695e+10],
       [  7.95503404e+10,   4.70500661e+10,   7.95503404e+10,
          3.64175260e+10,   4.70500661e+10,   1.30087191e+11,
          2.34174162e+10,   3.49539375e+10,   2.34174162e+10,
          3.64175260e+10,   2.38048367e+10,   2.38048367e+10,
          4.90732619e+10,   2.72055277e+10,   4.90732619e+10,
          2.72055277e+10,   2.40200703e+10,   2.40200703e+10,
          3.78811145e+09,   6.73681184e+10,   6.73681184e+10,
          9.21199829e+10,   6.42257077e+10,   3.22419940e+10,
          3.22419940e+10],
       [  6.09111102e+10,   4.68778792e+10,   6.94343610e+10,
          3.22419940e+10,   4.28745341e+10,   1.12136708e+11,
          2.84538826e+10,   2.86260695e+10,   2.81095088e+10,
          2.34174162e+10,   2.41922572e+10,   2.41922572e+10,
          3.89142358e+10,   3.30168350e+10,   4.68348324e+10,
          3.38347227e+10,   2.84538826e+10,   2.63445933e+10,
          1.52385392e+10,   5.02785701e+10,   5.99210356e+10,
          7.95503404e+10,   4.69639726e+10,   2.81095088e+10,
          2.84538826e+10],
       [  5.02785701e+10,   3.76228342e+10,   5.99210356e+10,
          2.38048367e+10,   3.47387038e+10,   8.80735912e+10,
          2.41922572e+10,   2.56988924e+10,   2.41922572e+10,
          4.70500661e+10,   3.47387038e+10,   3.76228342e+10,
          3.62883858e+10,   2.90995834e+10,   4.60599915e+10,
          3.00035645e+10,   3.54274514e+10,   3.52552645e+10,
          1.52385392e+10,   4.79540472e+10,   6.19011848e+10,
          6.73681184e+10,   7.83019855e+10,   4.28745341e+10,
          4.68778792e+10],
       [  3.89142358e+10,   3.52552645e+10,   4.68348324e+10,
          2.40200703e+10,   3.54274514e+10,   6.58184364e+10,
          2.63445933e+10,   2.32452293e+10,   2.84538826e+10,
          2.72055277e+10,   3.00035645e+10,   2.90995834e+10,
          3.19406670e+10,   3.04770785e+10,   4.10665718e+10,
          3.46956571e+10,   3.46956571e+10,   3.04770785e+10,
          2.23842949e+10,   3.62883858e+10,   4.60599915e+10,
          4.90732619e+10,   4.66195988e+10,   3.38347227e+10,
          3.30168350e+10],
       [  1.52385392e+10,   1.52385392e+10,   1.52385392e+10,
          3.78811145e+09,   1.52385392e+10,   4.64904587e+09,
          1.52385392e+10,   4.64904587e+09,   1.52385392e+10,
          3.78811145e+09,   1.52385392e+10,   1.52385392e+10,
          2.23842949e+10,   2.23842949e+10,   2.23842949e+10,
          2.23842949e+10,   2.23842949e+10,   2.23842949e+10,
          1.58411933e+10,   1.52385392e+10,   1.52385392e+10,
          3.78811145e+09,   4.64904587e+09,   1.52385392e+10,
          1.52385392e+10],
       [  4.28745341e+10,   6.19011848e+10,   4.68778792e+10,
          6.73681184e+10,   4.79540472e+10,   7.83019855e+10,
          5.99210356e+10,   8.80735912e+10,   5.02785701e+10,
          2.38048367e+10,   3.76228342e+10,   3.47387038e+10,
          3.54274514e+10,   4.60599915e+10,   3.52552645e+10,
          3.62883858e+10,   2.90995834e+10,   3.00035645e+10,
          1.52385392e+10,   3.47387038e+10,   3.76228342e+10,
          4.70500661e+10,   2.56988924e+10,   2.41922572e+10,
          2.41922572e+10],
       [  2.81095088e+10,   5.99210356e+10,   2.84538826e+10,
          7.95503404e+10,   5.02785701e+10,   4.69639726e+10,
          6.94343610e+10,   1.12136708e+11,   6.09111102e+10,
          3.22419940e+10,   4.68778792e+10,   4.28745341e+10,
          2.84538826e+10,   4.68348324e+10,   2.63445933e+10,
          3.89142358e+10,   3.30168350e+10,   3.38347227e+10,
          1.52385392e+10,   2.41922572e+10,   2.41922572e+10,
          2.34174162e+10,   2.86260695e+10,   2.84538826e+10,
          2.81095088e+10],
       [  3.38347227e+10,   4.60599915e+10,   3.30168350e+10,
          4.90732619e+10,   3.62883858e+10,   4.66195988e+10,
          4.68348324e+10,   6.58184364e+10,   3.89142358e+10,
          2.40200703e+10,   3.52552645e+10,   3.54274514e+10,
          3.46956571e+10,   4.10665718e+10,   3.04770785e+10,
          3.19406670e+10,   3.04770785e+10,   3.46956571e+10,
          2.23842949e+10,   3.00035645e+10,   2.90995834e+10,
          2.72055277e+10,   2.32452293e+10,   2.63445933e+10,
          2.84538826e+10],
       [  2.34174162e+10,   2.38048367e+10,   2.34174162e+10,
          3.64175260e+10,   2.38048367e+10,   3.49539375e+10,
          3.22419940e+10,   6.42257077e+10,   3.22419940e+10,
          9.21199829e+10,   6.73681184e+10,   6.73681184e+10,
          2.72055277e+10,   2.40200703e+10,   2.72055277e+10,
          2.40200703e+10,   4.90732619e+10,   4.90732619e+10,
          3.78811145e+09,   4.70500661e+10,   4.70500661e+10,
          3.64175260e+10,   1.30087191e+11,   7.95503404e+10,
          7.95503404e+10],
       [  4.69639726e+10,   2.56988924e+10,   4.69639726e+10,
          3.49539375e+10,   2.56988924e+10,   6.69806979e+10,
          2.86260695e+10,   6.69806979e+10,   2.86260695e+10,
          1.30087191e+11,   8.80735912e+10,   8.80735912e+10,
          4.66195988e+10,   2.32452293e+10,   4.66195988e+10,
          2.32452293e+10,   6.58184364e+10,   6.58184364e+10,
          4.64904587e+09,   7.83019855e+10,   7.83019855e+10,
          6.42257077e+10,   1.90266507e+11,   1.12136708e+11,
          1.12136708e+11],
       [  4.68778792e+10,   4.79540472e+10,   4.28745341e+10,
          6.73681184e+10,   6.19011848e+10,   7.83019855e+10,
          5.02785701e+10,   8.80735912e+10,   5.99210356e+10,
          2.38048367e+10,   3.47387038e+10,   3.76228342e+10,
          3.52552645e+10,   3.62883858e+10,   3.54274514e+10,
          4.60599915e+10,   3.00035645e+10,   2.90995834e+10,
          1.52385392e+10,   3.76228342e+10,   3.47387038e+10,
          4.70500661e+10,   2.56988924e+10,   2.41922572e+10,
          2.41922572e+10],
       [  2.84538826e+10,   5.02785701e+10,   2.81095088e+10,
          7.95503404e+10,   5.99210356e+10,   4.69639726e+10,
          6.09111102e+10,   1.12136708e+11,   6.94343610e+10,
          3.22419940e+10,   4.28745341e+10,   4.68778792e+10,
          2.63445933e+10,   3.89142358e+10,   2.84538826e+10,
          4.68348324e+10,   3.38347227e+10,   3.30168350e+10,
          1.52385392e+10,   2.41922572e+10,   2.41922572e+10,
          2.34174162e+10,   2.86260695e+10,   2.81095088e+10,
          2.84538826e+10],
       [  3.30168350e+10,   3.62883858e+10,   3.38347227e+10,
          4.90732619e+10,   4.60599915e+10,   4.66195988e+10,
          3.89142358e+10,   6.58184364e+10,   4.68348324e+10,
          2.40200703e+10,   3.54274514e+10,   3.52552645e+10,
          3.04770785e+10,   3.19406670e+10,   3.46956571e+10,
          4.10665718e+10,   3.46956571e+10,   3.04770785e+10,
          2.23842949e+10,   2.90995834e+10,   3.00035645e+10,
          2.72055277e+10,   2.32452293e+10,   2.84538826e+10,
          2.63445933e+10],
       [  3.22419940e+10,   6.73681184e+10,   3.22419940e+10,
          9.21199829e+10,   6.73681184e+10,   6.42257077e+10,
          7.95503404e+10,   1.30087191e+11,   7.95503404e+10,
          3.64175260e+10,   4.70500661e+10,   4.70500661e+10,
          2.40200703e+10,   4.90732619e+10,   2.40200703e+10,
          4.90732619e+10,   2.72055277e+10,   2.72055277e+10,
          3.78811145e+09,   2.38048367e+10,   2.38048367e+10,
          3.64175260e+10,   3.49539375e+10,   2.34174162e+10,
          2.34174162e+10],
       [  2.86260695e+10,   8.80735912e+10,   2.86260695e+10,
          1.30087191e+11,   8.80735912e+10,   6.69806979e+10,
          1.12136708e+11,   1.90266507e+11,   1.12136708e+11,
          6.42257077e+10,   7.83019855e+10,   7.83019855e+10,
          2.32452293e+10,   6.58184364e+10,   2.32452293e+10,
          6.58184364e+10,   4.66195988e+10,   4.66195988e+10,
          4.64904587e+09,   2.56988924e+10,   2.56988924e+10,
          3.49539375e+10,   6.69806979e+10,   4.69639726e+10,
          4.69639726e+10],
       [  6.94343610e+10,   4.28745341e+10,   6.09111102e+10,
          3.22419940e+10,   4.68778792e+10,   1.12136708e+11,
          2.81095088e+10,   2.86260695e+10,   2.84538826e+10,
          2.34174162e+10,   2.41922572e+10,   2.41922572e+10,
          4.68348324e+10,   3.38347227e+10,   3.89142358e+10,
          3.30168350e+10,   2.63445933e+10,   2.84538826e+10,
          1.52385392e+10,   5.99210356e+10,   5.02785701e+10,
          7.95503404e+10,   4.69639726e+10,   2.84538826e+10,
          2.81095088e+10],
       [  5.99210356e+10,   3.47387038e+10,   5.02785701e+10,
          2.38048367e+10,   3.76228342e+10,   8.80735912e+10,
          2.41922572e+10,   2.56988924e+10,   2.41922572e+10,
          4.70500661e+10,   3.76228342e+10,   3.47387038e+10,
          4.60599915e+10,   3.00035645e+10,   3.62883858e+10,
          2.90995834e+10,   3.52552645e+10,   3.54274514e+10,
          1.52385392e+10,   6.19011848e+10,   4.79540472e+10,
          6.73681184e+10,   7.83019855e+10,   4.68778792e+10,
          4.28745341e+10],
       [  4.68348324e+10,   3.54274514e+10,   3.89142358e+10,
          2.40200703e+10,   3.52552645e+10,   6.58184364e+10,
          2.84538826e+10,   2.32452293e+10,   2.63445933e+10,
          2.72055277e+10,   2.90995834e+10,   3.00035645e+10,
          4.10665718e+10,   3.46956571e+10,   3.19406670e+10,
          3.04770785e+10,   3.04770785e+10,   3.46956571e+10,
          2.23842949e+10,   4.60599915e+10,   3.62883858e+10,
          4.90732619e+10,   4.66195988e+10,   3.30168350e+10,
          3.38347227e+10],
       [  2.41922572e+10,   3.47387038e+10,   2.41922572e+10,
          4.70500661e+10,   3.76228342e+10,   2.56988924e+10,
          4.28745341e+10,   7.83019855e+10,   4.68778792e+10,
          6.73681184e+10,   4.79540472e+10,   6.19011848e+10,
          3.00035645e+10,   3.54274514e+10,   2.90995834e+10,
          3.52552645e+10,   3.62883858e+10,   4.60599915e+10,
          1.52385392e+10,   3.47387038e+10,   3.76228342e+10,
          2.38048367e+10,   8.80735912e+10,   5.02785701e+10,
          5.99210356e+10],
       [  2.81095088e+10,   2.41922572e+10,   2.84538826e+10,
          2.34174162e+10,   2.41922572e+10,   2.86260695e+10,
          2.81095088e+10,   4.69639726e+10,   2.84538826e+10,
          7.95503404e+10,   5.02785701e+10,   5.99210356e+10,
          3.38347227e+10,   2.84538826e+10,   3.30168350e+10,
          2.63445933e+10,   3.89142358e+10,   4.68348324e+10,
          1.52385392e+10,   4.28745341e+10,   4.68778792e+10,
          3.22419940e+10,   1.12136708e+11,   6.09111102e+10,
          6.94343610e+10],
       [  2.84538826e+10,   3.00035645e+10,   2.63445933e+10,
          2.72055277e+10,   2.90995834e+10,   2.32452293e+10,
          3.38347227e+10,   4.66195988e+10,   3.30168350e+10,
          4.90732619e+10,   3.62883858e+10,   4.60599915e+10,
          3.46956571e+10,   3.46956571e+10,   3.04770785e+10,
          3.04770785e+10,   3.19406670e+10,   4.10665718e+10,
          2.23842949e+10,   3.54274514e+10,   3.52552645e+10,
          2.40200703e+10,   6.58184364e+10,   3.89142358e+10,
          4.68348324e+10]]), array([[  4.63686035e+17,   3.73970598e+17,   3.60084102e+17,
          3.73970598e+17],
       [  3.73970598e+17,   4.63686035e+17,   3.60084102e+17,
          3.73970598e+17],
       [  3.73970598e+17,   3.73970598e+17,   3.60084102e+17,
          4.63686035e+17],
       [  3.60084102e+17,   3.60084102e+17,   3.37839952e+17,
          3.60084102e+17]]), array([[  1.60960390e+23]])]
dihedral_groups
('poset dims', 2) [1, 1]
('matrix dimensions', 2) [1]
('matrix compositions', 2) [array([[ 4.]])]
('poset dims', 3) [1, 1, 1]
('matrix dimensions', 3) [1, 1]
('matrix compositions', 3) [array([[ 324.]])]
('poset dims', 4) [1, 2, 2, 1]
('matrix dimensions', 4) [1, 1, 1]
('matrix compositions', 4) [array([[ 16.,  32.],
       [ 32.,  64.]]), array([[ 102400.]])]
('poset dims', 5) [1, 2, 4, 2, 1]
('matrix dimensions', 5) [1, 2, 2, 1]
('matrix compositions', 5) [array([[ 22500.,  22500.],
       [ 22500.,  22500.]]), array([[  2.25000000e+08]])]
('poset dims', 6) [1, 3, 6, 6, 3, 1]
('matrix dimensions', 6) [1, 3, 6, 3, 1]
('matrix compositions', 6) [array([[  36.,   72.,   36.,    0.,    0.,    0.],
       [   0.,  144.,  144.,  144.,  144.,  144.],
       [  72.,  144.,   72.,  144.,   72.,  144.],
       [   0.,  144.,    0.,  144.,    0.,  144.],
       [   0.,   72.,   72.,  144.,  144.,    0.],
       [  36.,   72.,   36.,  144.,   72.,    0.]]), array([[ 36578304.,  43296768.,  27620352.],
       [ 31352832.,  36578304.,  23887872.],
       [ 23887872.,  27620352.,  18662400.]]), array([[  1.05743249e+12]])]
('poset dims', 7) [1, 3, 9, 10, 9, 3, 1]
('matrix dimensions', 7) [1, 3, 9, 9, 3, 1]
('matrix compositions', 7) [array([[  96040.,   57624.,   38416.,  134456.,   57624.,  115248.,
         172872.,   96040.,  153664.],
       [  96040.,   38416.,   76832.,  124852.,   96040.,   86436.,
         153664.,   76832.,  115248.],
       [ 153664.,  115248.,   76832.,   96040.,   38416.,   76832.,
         124852.,   86436.,   96040.],
       [ 172872.,  153664.,   96040.,   96040.,   57624.,   38416.,
         134456.,  115248.,   57624.],
       [ 172872.,  134456.,   96040.,  172872.,   96040.,  153664.,
         201684.,  124852.,  172872.],
       [ 172872.,   96040.,  153664.,  201684.,  172872.,  124852.,
         172872.,   96040.,  134456.],
       [ 201684.,  172872.,  124852.,  172872.,  134456.,   96040.,
         172872.,  153664.,   96040.],
       [ 134456.,   57624.,  115248.,  172872.,  153664.,   96040.,
          96040.,   38416.,   57624.],
       [ 124852.,   96040.,   86436.,  153664.,  115248.,   76832.,
          96040.,   76832.,   38416.]]), array([[  1.79861791e+11,   1.79861791e+11,   1.85672711e+11],
       [  1.79861791e+11,   1.85672711e+11,   1.79861791e+11],
       [  1.85672711e+11,   1.79861791e+11,   1.79861791e+11]]), array([[  1.57139580e+16]])]
('poset dims', 8) [1, 4, 12, 19, 19, 12, 4, 1]
('matrix dimensions', 8) [1, 4, 12, 18, 12, 4, 1]
('matrix compositions', 8) [array([[   0.,    0.,    0.,  256.,  256.,    0.,  256.,    0.,    0.,
           0.,    0.,    0.,    0.,    0.,  256.,  256.,  256.,  256.,
         256.],
       [   0.,    0.,    0.,  128.,  256.,  256.,    0.,    0.,    0.,
           0.,    0.,    0.,    0.,    0.,  128.,  256.,    0.,    0.,
           0.],
       [   0.,    0.,    0.,  128.,    0.,    0.,  256.,  256.,    0.,
           0.,    0.,    0.,    0.,    0.,  128.,    0.,    0.,  256.,
           0.],
       [ 256.,  256.,    0.,  256.,  256.,    0.,  256.,    0.,  256.,
           0.,  256.,    0.,    0.,    0.,  256.,  256.,  256.,  256.,
         256.],
       [ 256.,  256.,  128.,    0.,  256.,    0.,  256.,    0.,  256.,
           0.,    0.,    0.,    0.,    0.,    0.,  256.,    0.,  256.,
           0.],
       [ 256.,  256.,    0.,    0.,  256.,  256.,  256.,  256.,  256.,
         256.,  256.,    0.,    0.,    0.,    0.,  256.,  256.,  256.,
           0.],
       [ 256.,    0.,    0.,  128.,  256.,  256.,    0.,    0.,  256.,
         256.,    0.,    0.,    0.,    0.,  128.,  256.,    0.,    0.,
           0.],
       [   0.,    0.,    0.,    0.,  256.,  256.,  256.,  256.,  256.,
         256.,  256.,    0.,    0.,    0.,    0.,    0.,    0.,    0.,
           0.],
       [   0.,    0.,    0.,  128.,  256.,  256.,    0.,    0.,  256.,
         256.,    0.,    0.,    0.,    0.,    0.,    0.,    0.,    0.,
           0.],
       [   0.,    0.,    0.,    0.,    0.,    0.,    0.,    0.,  128.,
           0.,  128.,  128.,  128.,    0.,  256.,  256.,  256.,  256.,
         256.],
       [   0.,    0.,    0.,    0.,    0.,    0.,    0.,    0.,  128.,
         128.,  128.,  128.,  128.,  128.,    0.,  256.,  256.,  256.,
           0.],
       [ 256.,  256.,    0.,  256.,  256.,    0.,  256.,    0.,    0.,
           0.,    0.,  256.,  256.,    0.,  256.,  256.,  256.,  256.,
         256.],
       [ 256.,  256.,  128.,    0.,  256.,    0.,  256.,    0.,    0.,
           0.,    0.,    0.,  256.,    0.,    0.,  256.,    0.,  256.,
           0.],
       [ 256.,  256.,    0.,    0.,  256.,  256.,  256.,  256.,    0.,
           0.,    0.,  256.,  256.,  256.,    0.,  256.,  256.,  256.,
           0.],
       [   0.,  256.,    0.,  128.,    0.,    0.,  256.,  256.,    0.,
           0.,    0.,    0.,  256.,  256.,  128.,    0.,    0.,  256.,
           0.],
       [   0.,    0.,    0.,    0.,  256.,  256.,  256.,  256.,    0.,
           0.,    0.,  256.,  256.,  256.,    0.,    0.,    0.,    0.,
           0.],
       [   0.,    0.,    0.,  128.,    0.,    0.,  256.,  256.,    0.,
           0.,    0.,    0.,  256.,  256.,    0.,    0.,    0.,    0.,
           0.],
       [   0.,    0.,    0.,    0.,    0.,    0.,    0.,    0.,    0.,
           0.,    0.,    0.,    0.,    0.,  256.,  256.,  256.,  256.,
         256.],
       [ 128.,  128.,   64.,    0.,    0.,    0.,    0.,    0.,    0.,
           0.,    0.,    0.,    0.,    0.,    0.,    0.,    0.,    0.,
           0.]]), array([[  4.11041792e+08,   6.12368384e+08,   3.48127232e+08,
          2.47463936e+08,   8.47249408e+08,   4.19430400e+08,
          9.89855744e+08,   8.80803840e+08,   5.53648128e+08,
          1.00663296e+09,   3.77487360e+08,   6.96254464e+08],
       [  2.72629760e+08,   3.18767104e+08,   1.46800640e+08,
          1.46800640e+08,   5.03316480e+08,   2.55852544e+08,
          6.96254464e+08,   5.03316480e+08,   2.55852544e+08,
          6.96254464e+08,   2.53755392e+08,   5.03316480e+08],
       [  4.11041792e+08,   6.12368384e+08,   2.47463936e+08,
          3.48127232e+08,   8.80803840e+08,   5.53648128e+08,
          1.00663296e+09,   8.47249408e+08,   4.19430400e+08,
          9.89855744e+08,   3.77487360e+08,   6.96254464e+08],
       [  3.61758720e+08,   4.69762048e+08,   2.39075328e+08,
          2.39075328e+08,   4.69762048e+08,   2.85212672e+08,
          4.11041792e+08,   4.69762048e+08,   2.85212672e+08,
          4.11041792e+08,   2.35405312e+08,   2.72629760e+08],
       [  2.35405312e+08,   2.64241152e+08,   1.23731968e+08,
          1.23731968e+08,   2.93601280e+08,   1.50994944e+08,
          3.77487360e+08,   2.93601280e+08,   1.50994944e+08,
          3.77487360e+08,   1.55451392e+08,   2.53755392e+08],
       [  4.69762048e+08,   7.04643072e+08,   3.64904448e+08,
          3.64904448e+08,   7.46586112e+08,   4.73956352e+08,
          6.12368384e+08,   7.46586112e+08,   4.73956352e+08,
          6.12368384e+08,   2.64241152e+08,   3.18767104e+08],
       [  4.69762048e+08,   7.46586112e+08,   4.40401920e+08,
          3.22961408e+08,   8.38860800e+08,   4.61373440e+08,
          8.47249408e+08,   9.05969664e+08,   6.12368384e+08,
          8.80803840e+08,   2.93601280e+08,   5.03316480e+08],
       [  4.69762048e+08,   7.46586112e+08,   3.22961408e+08,
          4.40401920e+08,   9.05969664e+08,   6.12368384e+08,
          8.80803840e+08,   8.38860800e+08,   4.61373440e+08,
          8.47249408e+08,   2.93601280e+08,   5.03316480e+08],
       [  2.39075328e+08,   3.64904448e+08,   2.34881024e+08,
          1.34217728e+08,   3.22961408e+08,   1.38412032e+08,
          2.47463936e+08,   4.40401920e+08,   3.14572800e+08,
          3.48127232e+08,   1.23731968e+08,   1.46800640e+08],
       [  2.85212672e+08,   4.73956352e+08,   3.14572800e+08,
          1.38412032e+08,   4.61373440e+08,   1.55189248e+08,
          4.19430400e+08,   6.12368384e+08,   4.40401920e+08,
          5.53648128e+08,   1.50994944e+08,   2.55852544e+08],
       [  2.39075328e+08,   3.64904448e+08,   1.34217728e+08,
          2.34881024e+08,   4.40401920e+08,   3.14572800e+08,
          3.48127232e+08,   3.22961408e+08,   1.38412032e+08,
          2.47463936e+08,   1.23731968e+08,   1.46800640e+08],
       [  2.85212672e+08,   4.73956352e+08,   1.38412032e+08,
          3.14572800e+08,   6.12368384e+08,   4.40401920e+08,
          5.53648128e+08,   4.61373440e+08,   1.55189248e+08,
          4.19430400e+08,   1.50994944e+08,   2.55852544e+08]]), array([[  1.25155777e+15,   1.60415311e+15,   1.60415311e+15,
          6.60550938e+14],
       [  1.60415311e+15,   2.15201913e+15,   2.20039765e+15,
          9.55046108e+14],
       [  6.60550938e+14,   9.55046108e+14,   9.55046108e+14,
          4.63316376e+14],
       [  1.60415311e+15,   2.20039765e+15,   2.15201913e+15,
          9.55046108e+14]]), array([[  3.12270455e+20]])]
('poset dims', 9) [1, 4, 16, 28, 37, 28, 16, 4, 1]
('matrix dimensions', 9) [1, 4, 16, 28, 28, 16, 4, 1]
('matrix compositions', 9) [array([[   52488.,   209952.,        0.,   629856.,   209952.,   524880.,
          419904.,   314928.,   209952.,   524880.,   314928.,   629856.,
          262440.,   419904.,   629856.,        0.,   419904.,   524880.,
          629856.,   839808.,   734832.,   209952.,   524880.,   682344.,
          629856.,   944784.,   419904.,        0.],
       [  209952.,    52488.,   314928.,   419904.,   104976.,   629856.,
          419904.,   157464.,        0.,   629856.,   419904.,   734832.,
               0.,   524880.,   419904.,   367416.,   524880.,   629856.,
          419904.,   524880.,   839808.,   314928.,   524880.,   472392.,
          734832.,   629856.,   419904.,        0.],
       [  262440.,        0.,   209952.,   524880.,        0.,   419904.,
          314928.,        0.,        0.,   524880.,        0.,   524880.,
               0.,   419904.,   524880.,   209952.,   419904.,   419904.,
          524880.,   734832.,   524880.,   314928.,   419904.,   629856.,
          629856.,   839808.,        0.,        0.],
       [       0.,   209952.,        0.,   419904.,        0.,   419904.,
          419904.,   209952.,   419904.,   734832.,        0.,   524880.,
          314928.,   524880.,   419904.,        0.,   524880.,   419904.,
          314928.,   524880.,   524880.,        0.,   524880.,   419904.,
          839808.,   629856.,        0.,        0.],
       [  472392.,   524880.,        0.,   419904.,  1259712.,   314928.,
          524880.,   524880.,   209952.,   209952.,  1259712.,   419904.,
               0.,        0.,        0.,        0.,        0.,        0.,
               0.,        0.,        0.,   472392.,   524880.,   314928.,
          104976.,   419904.,  1259712.,   839808.],
       [  524880.,   472392.,   314928.,   104976.,  1259712.,   419904.,
          524880.,   472392.,        0.,   314928.,  1259712.,   419904.,
               0.,        0.,        0.,        0.,        0.,        0.,
               0.,        0.,        0.,   524880.,   524880.,   209952.,
          419904.,   209952.,  1259712.,   839808.],
       [  419904.,   419904.,        0.,        0.,   839808.,        0.,
          419904.,   419904.,        0.,        0.,   839808.,        0.,
               0.,        0.,        0.,        0.,        0.,        0.,
               0.,        0.,        0.,   419904.,   419904.,        0.,
               0.,        0.,   839808.,   419904.],
       [  524880.,   524880.,   209952.,   419904.,  1259712.,   209952.,
          472392.,   524880.,   314928.,   419904.,  1259712.,   104976.,
               0.,        0.,        0.,        0.,        0.,        0.,
               0.,        0.,        0.,   524880.,   472392.,        0.,
          419904.,   314928.,  1259712.,   839808.],
       [  157464.,   419904.,        0.,   734832.,   419904.,   629856.,
          314928.,   524880.,   472392.,   629856.,   419904.,   734832.,
          419904.,   524880.,   839808.,        0.,   419904.,   524880.,
          367416.,   629856.,   524880.,    52488.,   209952.,   314928.,
          419904.,   629856.,   104976.,        0.],
       [  209952.,   419904.,   419904.,   524880.,        0.,   734832.,
               0.,   524880.,   419904.,   629856.,        0.,   839808.,
          314928.,   524880.,   524880.,   314928.,   419904.,   524880.,
               0.,   419904.,   524880.,   209952.,        0.,        0.,
          419904.,   419904.,        0.,        0.],
       [  314928.,   419904.,   209952.,   629856.,   314928.,   524880.,
          209952.,   524880.,   682344.,   944784.,   419904.,   629856.,
          629856.,   839808.,   734832.,   262440.,   629856.,   419904.,
               0.,   524880.,   419904.,   209952.,    52488.,        0.,
          629856.,   524880.,   209952.,        0.],
       [       0.,   314928.,        0.,   524880.,        0.,   524880.,
          314928.,   419904.,   629856.,   839808.,        0.,   629856.,
          524880.,   734832.,   524880.,        0.,   524880.,   419904.,
          209952.,   419904.,   419904.,        0.,   262440.,   209952.,
          524880.,   419904.,        0.,        0.],
       [  131220.,   157464.,        0.,   472392.,   209952.,   209952.,
               0.,        0.,        0.,        0.,        0.,        0.,
          157464.,   209952.,   419904.,        0.,        0.,        0.,
          472392.,   629856.,   419904.,   183708.,   262440.,   524880.,
          314928.,   682344.,   314928.,        0.],
       [  236196.,        0.,   157464.,   419904.,        0.,   262440.,
               0.,        0.,        0.,        0.,        0.,        0.,
               0.,   209952.,   314928.,        0.,        0.,        0.,
          419904.,   524880.,   314928.,   288684.,   209952.,   472392.,
          367416.,   629856.,        0.,        0.],
       [  209952.,   288684.,   472392.,   367416.,        0.,   629856.,
               0.,   236196.,   157464.,   262440.,        0.,   419904.,
               0.,        0.,        0.,   419904.,   314928.,   524880.,
               0.,   209952.,   314928.,        0.,        0.,        0.,
               0.,        0.,        0.,        0.],
       [  262440.,   183708.,   524880.,   314928.,   314928.,   682344.,
          157464.,   131220.,        0.,   209952.,   209952.,   472392.,
               0.,        0.,        0.,   472392.,   419904.,   629856.,
          157464.,   209952.,   419904.,        0.,        0.,        0.,
               0.,        0.,        0.,        0.],
       [  157464.,   131220.,   183708.,    52488.,   472392.,   209952.,
          209952.,   104976.,        0.,   419904.,   524880.,   314928.,
               0.,   314928.,   209952.,   288684.,   419904.,   314928.,
               0.,        0.,        0.,   209952.,   209952.,   157464.,
          419904.,   209952.,   524880.,   419904.],
       [  157464.,   104976.,   131220.,   157464.,   472392.,    52488.,
          157464.,   209952.,   262440.,   524880.,   524880.,   209952.,
          209952.,   419904.,   209952.,   236196.,   524880.,   262440.,
               0.,        0.,        0.,   209952.,   157464.,        0.,
          524880.,   314928.,   524880.,   419904.],
       [  157464.,   209952.,        0.,   524880.,   524880.,   314928.,
          104976.,   157464.,   131220.,    52488.,   472392.,   157464.,
          236196.,   262440.,   524880.,        0.,        0.,        0.,
          209952.,   419904.,   209952.,   157464.,   209952.,   262440.,
          209952.,   524880.,   524880.,   419904.],
       [  209952.,   209952.,   157464.,   419904.,   524880.,   209952.,
          131220.,   157464.,   183708.,   209952.,   472392.,    52488.,
          288684.,   314928.,   419904.,        0.,        0.,        0.,
               0.,   314928.,   209952.,   209952.,   104976.,        0.,
          314928.,   419904.,   524880.,   419904.],
       [  104976.,   209952.,        0.,   314928.,   524880.,   419904.,
          209952.,   209952.,   157464.,   209952.,   524880.,   419904.,
               0.,        0.,        0.,        0.,   209952.,   314928.,
          288684.,   314928.,   419904.,   131220.,   157464.,   183708.,
           52488.,   209952.,   472392.,   419904.],
       [  209952.,   157464.,   262440.,   209952.,   524880.,   524880.,
          209952.,   157464.,        0.,   314928.,   524880.,   524880.,
               0.,        0.,        0.,   209952.,   209952.,   419904.,
          236196.,   262440.,   524880.,   104976.,   157464.,   131220.,
          157464.,    52488.,   472392.,   419904.],
       [  419904.,   314928.,   629856.,   629856.,        0.,   839808.,
               0.,   262440.,   209952.,   419904.,        0.,   524880.,
          209952.,   419904.,   419904.,   524880.,   524880.,   734832.,
               0.,   419904.,   524880.,   314928.,        0.,        0.,
          524880.,   524880.,        0.,        0.],
       [  524880.,   209952.,   682344.,   629856.,   419904.,   944784.,
          209952.,    52488.,        0.,   524880.,   209952.,   629856.,
               0.,   524880.,   419904.,   629856.,   734832.,   839808.,
          262440.,   419904.,   629856.,   419904.,   314928.,   209952.,
          629856.,   524880.,   314928.,        0.],
       [  524880.,   314928.,   472392.,   734832.,   419904.,   629856.,
           52488.,   209952.,   314928.,   629856.,   104976.,   419904.,
          367416.,   629856.,   524880.,   419904.,   839808.,   524880.,
               0.,   524880.,   419904.,   419904.,   157464.,        0.,
          734832.,   629856.,   419904.,        0.],
       [  524880.,        0.,   419904.,   839808.,        0.,   629856.,
          209952.,        0.,        0.,   419904.,        0.,   419904.,
               0.,   419904.,   524880.,   314928.,   524880.,   524880.,
          314928.,   524880.,   419904.,   419904.,   209952.,   419904.,
          524880.,   734832.,        0.,        0.],
       [       0.,        0.,        0.,        0.,        0.,        0.,
          183708.,   262440.,   524880.,   682344.,   314928.,   314928.,
          472392.,   629856.,   419904.,   157464.,   419904.,   209952.,
               0.,        0.,        0.,   157464.,   131220.,        0.,
          472392.,   209952.,   209952.,        0.],
       [       0.,        0.,        0.,        0.,        0.,        0.,
          288684.,   209952.,   472392.,   629856.,        0.,   367416.,
          419904.,   524880.,   314928.,        0.,   314928.,   209952.,
               0.,        0.,        0.,        0.,   236196.,   157464.,
          419904.,   262440.,        0.,        0.]]), array([[  4.34324196e+12,   4.99479713e+12,   2.44918624e+12,
          2.43816628e+12,   5.01959204e+12,   3.61179208e+12,
          2.69575786e+12,   5.53202021e+12,   5.37223078e+12,
          5.61191492e+12,   5.73037950e+12,   1.77972363e+12,
          4.99479713e+12,   1.86237334e+12,   3.62005705e+12,
          5.17938147e+12],
       [  4.28400967e+12,   4.34324196e+12,   1.73977628e+12,
          2.42439133e+12,   4.28400967e+12,   2.71917527e+12,
          2.71091030e+12,   5.17938147e+12,   5.28682609e+12,
          5.09397678e+12,   5.50171532e+12,   1.77972363e+12,
          5.01959204e+12,   1.96981795e+12,   3.69995176e+12,
          5.12703666e+12],
       [  5.09397678e+12,   5.37223078e+12,   2.00287783e+12,
          2.44918624e+12,   5.28682609e+12,   2.95059444e+12,
          2.43265630e+12,   5.73037950e+12,   6.46596187e+12,
          6.46596187e+12,   6.54034660e+12,   2.64479054e+12,
          5.61191492e+12,   1.90645318e+12,   3.32802809e+12,
          5.50171532e+12],
       [  3.69995176e+12,   3.61179208e+12,   1.92849310e+12,
          3.17099366e+12,   2.71917527e+12,   2.27011188e+12,
          1.44361484e+12,   2.43816628e+12,   3.32802809e+12,
          2.95059444e+12,   2.44918624e+12,   3.52638738e+11,
          3.62005705e+12,   2.21776707e+12,   2.27011188e+12,
          2.42439133e+12],
       [  2.71091030e+12,   2.44918624e+12,   1.23423558e+12,
          2.21776707e+12,   1.73977628e+12,   1.44361484e+12,
          1.23423558e+12,   1.86237334e+12,   2.43265630e+12,
          2.00287783e+12,   1.90645318e+12,   2.53459093e+11,
          2.69575786e+12,   1.59513929e+12,   1.92849310e+12,
          1.96981795e+12],
       [  5.12703666e+12,   5.01959204e+12,   1.96981795e+12,
          3.69995176e+12,   4.28400967e+12,   2.42439133e+12,
          1.73977628e+12,   4.34324196e+12,   5.50171532e+12,
          5.28682609e+12,   5.09397678e+12,   1.77972363e+12,
          5.17938147e+12,   2.71091030e+12,   2.71917527e+12,
          4.28400967e+12],
       [  5.17938147e+12,   4.99479713e+12,   1.86237334e+12,
          3.62005705e+12,   4.34324196e+12,   2.43816628e+12,
          2.44918624e+12,   4.99479713e+12,   5.73037950e+12,
          5.37223078e+12,   5.61191492e+12,   1.77972363e+12,
          5.53202021e+12,   2.69575786e+12,   3.61179208e+12,
          5.01959204e+12],
       [  5.50171532e+12,   5.61191492e+12,   1.90645318e+12,
          3.32802809e+12,   5.09397678e+12,   2.44918624e+12,
          2.00287783e+12,   5.37223078e+12,   6.54034660e+12,
          6.46596187e+12,   6.46596187e+12,   2.64479054e+12,
          5.73037950e+12,   2.43265630e+12,   2.95059444e+12,
          5.28682609e+12],
       [  1.77972363e+12,   1.77972363e+12,   2.53459093e+11,
          3.52638738e+11,   1.77972363e+12,   3.52638738e+11,
          2.53459093e+11,   1.77972363e+12,   2.64479054e+12,
          2.64479054e+12,   2.64479054e+12,   1.46565476e+12,
          1.77972363e+12,   2.53459093e+11,   3.52638738e+11,
          1.77972363e+12],
       [  5.01959204e+12,   5.53202021e+12,   2.69575786e+12,
          3.61179208e+12,   5.17938147e+12,   3.62005705e+12,
          1.86237334e+12,   4.99479713e+12,   5.61191492e+12,
          5.73037950e+12,   5.37223078e+12,   1.77972363e+12,
          4.99479713e+12,   2.44918624e+12,   2.43816628e+12,
          4.34324196e+12],
       [  4.28400967e+12,   5.17938147e+12,   2.71091030e+12,
          2.71917527e+12,   5.12703666e+12,   3.69995176e+12,
          1.96981795e+12,   5.01959204e+12,   5.09397678e+12,
          5.50171532e+12,   5.28682609e+12,   1.77972363e+12,
          4.34324196e+12,   1.73977628e+12,   2.42439133e+12,
          4.28400967e+12],
       [  5.28682609e+12,   5.73037950e+12,   2.43265630e+12,
          2.95059444e+12,   5.50171532e+12,   3.32802809e+12,
          1.90645318e+12,   5.61191492e+12,   6.46596187e+12,
          6.54034660e+12,   6.46596187e+12,   2.64479054e+12,
          5.37223078e+12,   2.00287783e+12,   2.44918624e+12,
          5.09397678e+12],
       [  1.73977628e+12,   1.86237334e+12,   1.23423558e+12,
          1.44361484e+12,   1.96981795e+12,   1.92849310e+12,
          1.59513929e+12,   2.69575786e+12,   2.00287783e+12,
          1.90645318e+12,   2.43265630e+12,   2.53459093e+11,
          2.44918624e+12,   1.23423558e+12,   2.21776707e+12,
          2.71091030e+12],
       [  2.71917527e+12,   2.43816628e+12,   1.44361484e+12,
          2.27011188e+12,   2.42439133e+12,   2.27011188e+12,
          2.21776707e+12,   3.62005705e+12,   2.95059444e+12,
          2.44918624e+12,   3.32802809e+12,   3.52638738e+11,
          3.61179208e+12,   1.92849310e+12,   3.17099366e+12,
          3.69995176e+12],
       [  1.96981795e+12,   2.69575786e+12,   1.59513929e+12,
          1.92849310e+12,   2.71091030e+12,   2.21776707e+12,
          1.23423558e+12,   2.44918624e+12,   1.90645318e+12,
          2.43265630e+12,   2.00287783e+12,   2.53459093e+11,
          1.86237334e+12,   1.23423558e+12,   1.44361484e+12,
          1.73977628e+12],
       [  2.42439133e+12,   3.62005705e+12,   2.21776707e+12,
          2.27011188e+12,   3.69995176e+12,   3.17099366e+12,
          1.92849310e+12,   3.61179208e+12,   2.44918624e+12,
          3.32802809e+12,   2.95059444e+12,   3.52638738e+11,
          2.43816628e+12,   1.44361484e+12,   2.27011188e+12,
          2.71917527e+12]]), array([[  3.26294413e+19,   3.12176009e+19,   3.81178832e+19,
          3.12176009e+19],
       [  3.12176009e+19,   3.26294413e+19,   3.81178832e+19,
          3.12176009e+19],
       [  3.12176009e+19,   3.12176009e+19,   3.81178832e+19,
          3.26294413e+19],
       [  3.81178832e+19,   3.81178832e+19,   4.70168086e+19,
          3.81178832e+19]]), array([[  1.47207330e+25]])]
boolean_algebra
('poset dims', 2) [2, 2]
('matrix dimensions', 2) [1]
('matrix compositions', 2) [array([[ 1.,  1.],
       [ 1.,  1.]])]
('poset dims', 3) [3, 6, 3]
('matrix dimensions', 3) [3, 3]
('matrix compositions', 3) [array([[ 2.,  3.,  3.],
       [ 3.,  2.,  3.],
       [ 3.,  3.,  2.]])]
('poset dims', 4) [4, 12, 12, 4]
('matrix dimensions', 4) [4, 12, 4]
('matrix compositions', 4) [array([[ 0.,  0.,  0.,  0.,  0.,  0.,  1.,  1.,  0.,  1.,  1.,  0.],
       [ 0.,  0.,  0.,  0.,  0.,  0.,  1.,  0.,  1.,  1.,  0.,  1.],
       [ 0.,  0.,  0.,  1.,  0.,  1.,  0.,  1.,  1.,  0.,  0.,  0.],
       [ 0.,  0.,  0.,  1.,  1.,  0.,  1.,  1.,  0.,  0.,  0.,  0.],
       [ 0.,  0.,  0.,  0.,  1.,  1.,  0.,  0.,  0.,  0.,  1.,  1.],
       [ 0.,  0.,  0.,  1.,  1.,  0.,  0.,  0.,  0.,  1.,  1.,  0.],
       [ 1.,  0.,  1.,  1.,  0.,  1.,  0.,  0.,  0.,  0.,  0.,  0.],
       [ 1.,  1.,  0.,  0.,  1.,  1.,  0.,  0.,  0.,  0.,  0.,  0.],
       [ 1.,  1.,  0.,  0.,  0.,  0.,  0.,  0.,  0.,  0.,  1.,  1.],
       [ 0.,  1.,  1.,  0.,  0.,  0.,  0.,  0.,  0.,  1.,  0.,  1.],
       [ 1.,  0.,  1.,  0.,  0.,  0.,  0.,  1.,  1.,  0.,  0.,  0.],
       [ 0.,  1.,  1.,  0.,  0.,  0.,  1.,  0.,  1.,  0.,  0.,  0.]]), array([[ 14.,  14.,  14.,   6.],
       [ 14.,  14.,   6.,  14.],
       [  6.,  14.,  14.,  14.],
       [ 14.,   6.,  14.,  14.]])]
('poset dims', 5) [5, 20, 30, 20, 5]
('matrix dimensions', 5) [5, 20, 20, 5]
('matrix compositions', 5) [array([[ 2.,  3.,  3.,  0.,  0.,  0.,  0.,  0.,  0.,  0.,  0.,  0.,  3.,
         2.,  3.,  0.,  3.,  2.,  3.,  0.],
       [ 0.,  3.,  3.,  2.,  0.,  0.,  0.,  0.,  0.,  0.,  0.,  0.,  3.,
         0.,  3.,  2.,  3.,  0.,  3.,  2.],
       [ 0.,  0.,  0.,  0.,  0.,  3.,  3.,  2.,  0.,  2.,  3.,  3.,  0.,
         0.,  0.,  0.,  2.,  3.,  0.,  3.],
       [ 0.,  0.,  0.,  0.,  2.,  3.,  3.,  0.,  2.,  0.,  3.,  3.,  0.,
         0.,  0.,  0.,  0.,  3.,  2.,  3.],
       [ 3.,  0.,  3.,  2.,  0.,  0.,  0.,  0.,  3.,  0.,  3.,  2.,  0.,
         0.,  0.,  0.,  0.,  3.,  3.,  2.],
       [ 3.,  2.,  3.,  0.,  0.,  0.,  0.,  0.,  3.,  2.,  3.,  0.,  0.,
         0.,  0.,  0.,  2.,  3.,  3.,  0.],
       [ 3.,  2.,  0.,  3.,  3.,  3.,  0.,  2.,  3.,  2.,  0.,  3.,  0.,
         0.,  0.,  0.,  0.,  0.,  0.,  0.],
       [ 3.,  0.,  2.,  3.,  3.,  3.,  2.,  0.,  3.,  0.,  2.,  3.,  0.,
         0.,  0.,  0.,  0.,  0.,  0.,  0.],
       [ 2.,  3.,  0.,  3.,  3.,  2.,  0.,  3.,  0.,  0.,  0.,  0.,  0.,
         2.,  3.,  3.,  0.,  0.,  0.,  0.],
       [ 0.,  3.,  2.,  3.,  3.,  0.,  2.,  3.,  0.,  0.,  0.,  0.,  2.,
         0.,  3.,  3.,  0.,  0.,  0.,  0.],
       [ 0.,  0.,  0.,  0.,  0.,  0.,  0.,  0.,  0.,  3.,  3.,  2.,  3.,
         3.,  0.,  2.,  3.,  3.,  0.,  2.],
       [ 0.,  0.,  0.,  0.,  0.,  0.,  0.,  0.,  2.,  3.,  3.,  0.,  3.,
         3.,  2.,  0.,  3.,  3.,  2.,  0.],
       [ 0.,  0.,  0.,  0.,  0.,  3.,  2.,  3.,  0.,  3.,  2.,  3.,  2.,
         3.,  0.,  3.,  0.,  0.,  0.,  0.],
       [ 0.,  0.,  0.,  0.,  2.,  3.,  0.,  3.,  2.,  3.,  0.,  3.,  0.,
         3.,  2.,  3.,  0.,  0.,  0.,  0.],
       [ 0.,  0.,  0.,  0.,  0.,  2.,  3.,  3.,  0.,  0.,  0.,  0.,  3.,
         2.,  0.,  3.,  3.,  2.,  0.,  3.],
       [ 0.,  0.,  0.,  0.,  2.,  0.,  3.,  3.,  0.,  0.,  0.,  0.,  3.,
         0.,  2.,  3.,  3.,  0.,  2.,  3.],
       [ 2.,  0.,  3.,  3.,  3.,  2.,  3.,  0.,  0.,  0.,  0.,  0.,  0.,
         0.,  0.,  0.,  0.,  2.,  3.,  3.],
       [ 0.,  2.,  3.,  3.,  3.,  0.,  3.,  2.,  0.,  0.,  0.,  0.,  0.,
         0.,  0.,  0.,  2.,  0.,  3.,  3.],
       [ 3.,  3.,  0.,  2.,  0.,  0.,  0.,  0.,  3.,  3.,  0.,  2.,  0.,
         3.,  3.,  2.,  0.,  0.,  0.,  0.],
       [ 3.,  3.,  2.,  0.,  0.,  0.,  0.,  0.,  3.,  3.,  2.,  0.,  2.,
         3.,  3.,  0.,  0.,  0.,  0.,  0.]]), array([[ 24.,  90.,  90.,  90.,  90.],
       [ 90.,  90.,  90.,  90.,  24.],
       [ 90.,  90.,  90.,  24.,  90.],
       [ 90.,  24.,  90.,  90.,  90.],
       [ 90.,  90.,  24.,  90.,  90.]])]
('poset dims', 6) [6, 30, 60, 60, 30, 6]
('matrix dimensions', 6) [6, 30, 60, 30, 6]
('matrix compositions', 6) [array([[ 0.,  0.,  0., ...,  0.,  0.,  0.],
       [ 0.,  0.,  0., ...,  0.,  0.,  0.],
       [ 0.,  0.,  0., ...,  0.,  0.,  0.],
       ..., 
       [ 0.,  0.,  0., ...,  0.,  0.,  0.],
       [ 0.,  0.,  0., ...,  0.,  0.,  0.],
       [ 0.,  0.,  0., ...,  0.,  0.,  0.]]), array([[  6.,  14.,  14.,  14.,   0.,   6.,  14.,   0.,  14.,  14.,   0.,
          0.,   0.,   0.,   0.,   0.,   0.,   0.,   0.,   0.,  14.,  14.,
          6.,   0.,  14.,   0.,   6.,  14.,  14.,  14.],
       [  0.,  14.,  14.,  14.,   6.,   0.,  14.,   6.,  14.,  14.,   0.,
          0.,   0.,   0.,   0.,   0.,   0.,   0.,   0.,   0.,  14.,  14.,
          0.,   6.,  14.,   6.,   0.,  14.,  14.,  14.],
       [ 14.,  14.,  14.,   6.,   0.,   0.,   0.,   0.,   0.,   0.,  14.,
          6.,  14.,   0.,  14.,   0.,   0.,   0.,   0.,   0.,  14.,   6.,
         14.,   0.,  14.,   0.,  14.,   6.,  14.,  14.],
       [ 14.,  14.,  14.,   0.,   6.,   0.,   0.,   0.,   0.,   0.,  14.,
          0.,  14.,   6.,  14.,   0.,   0.,   0.,   0.,   0.,  14.,   0.,
         14.,   6.,  14.,   6.,  14.,   0.,  14.,  14.],
       [  0.,   0.,   0.,   0.,   0.,   0.,   0.,   0.,   0.,   0.,   0.,
          6.,  14.,  14.,  14.,  14.,  14.,   6.,   0.,  14.,   0.,   6.,
         14.,  14.,  14.,  14.,  14.,   6.,   0.,  14.],
       [  0.,   0.,   0.,   0.,   0.,   0.,   0.,   0.,   0.,   0.,   6.,
          0.,  14.,  14.,  14.,  14.,  14.,   0.,   6.,  14.,   6.,   0.,
         14.,  14.,  14.,  14.,  14.,   0.,   6.,  14.],
       [ 14.,   6.,  14.,  14.,   0.,  14.,   6.,   0.,  14.,  14.,  14.,
         14.,   6.,   0.,  14.,   0.,   0.,   0.,   0.,   0.,  14.,  14.,
         14.,   0.,   6.,   0.,   0.,   0.,   0.,   0.],
       [ 14.,   0.,  14.,  14.,   6.,  14.,   0.,   6.,  14.,  14.,  14.,
         14.,   0.,   6.,  14.,   0.,   0.,   0.,   0.,   0.,  14.,  14.,
         14.,   6.,   0.,   0.,   0.,   0.,   0.,   0.],
       [ 14.,   6.,   0.,  14.,  14.,  14.,   6.,  14.,   0.,  14.,  14.,
         14.,   6.,  14.,   0.,   6.,  14.,  14.,  14.,   0.,   0.,   0.,
          0.,   0.,   0.,   0.,   0.,   0.,   0.,   0.],
       [ 14.,   0.,   6.,  14.,  14.,  14.,   0.,  14.,   6.,  14.,  14.,
         14.,   0.,  14.,   6.,   0.,  14.,  14.,  14.,   6.,   0.,   0.,
          0.,   0.,   0.,   0.,   0.,   0.,   0.,   0.],
       [ 14.,  14.,   6.,  14.,   0.,  14.,  14.,   0.,   6.,  14.,  14.,
         14.,  14.,   0.,   6.,   0.,   0.,   0.,   0.,   0.,   0.,   0.,
          0.,   0.,   0.,   0.,  14.,  14.,  14.,   6.],
       [ 14.,  14.,   0.,  14.,   6.,  14.,  14.,   6.,   0.,  14.,  14.,
         14.,  14.,   6.,   0.,   0.,   0.,   0.,   0.,   0.,   0.,   0.,
          0.,   0.,   0.,   6.,  14.,  14.,  14.,   0.],
       [  0.,   0.,   0.,   0.,   0.,  14.,  14.,  14.,   6.,   0.,   0.,
         14.,  14.,  14.,   6.,  14.,  14.,  14.,   0.,   6.,   0.,   0.,
          0.,   0.,   0.,  14.,  14.,  14.,   0.,   6.],
       [  0.,   0.,   0.,   0.,   0.,  14.,  14.,  14.,   0.,   6.,   6.,
         14.,  14.,  14.,   0.,  14.,  14.,  14.,   6.,   0.,   0.,   0.,
          0.,   0.,   0.,  14.,  14.,  14.,   6.,   0.],
       [  0.,  14.,  14.,   6.,  14.,   0.,   0.,   0.,   0.,   0.,   0.,
          0.,   0.,   0.,   0.,  14.,   0.,   6.,  14.,  14.,  14.,   6.,
          0.,  14.,  14.,  14.,   0.,   6.,  14.,  14.],
       [  6.,  14.,  14.,   0.,  14.,   0.,   0.,   0.,   0.,   0.,   0.,
          0.,   0.,   0.,   0.,  14.,   6.,   0.,  14.,  14.,  14.,   0.,
          6.,  14.,  14.,  14.,   6.,   0.,  14.,  14.],
       [  0.,  14.,   6.,  14.,  14.,   0.,  14.,  14.,   6.,  14.,   0.,
          0.,   0.,   0.,   0.,  14.,   0.,  14.,  14.,   6.,   0.,   0.,
          0.,   0.,   0.,  14.,   0.,  14.,  14.,   6.],
       [  6.,  14.,   0.,  14.,  14.,   6.,  14.,  14.,   0.,  14.,   0.,
          0.,   0.,   0.,   0.,  14.,   6.,  14.,  14.,   0.,   0.,   0.,
          0.,   0.,   0.,  14.,   6.,  14.,  14.,   0.],
       [  0.,   0.,   0.,   0.,   0.,  14.,   6.,  14.,  14.,   0.,   0.,
         14.,   6.,  14.,  14.,   6.,  14.,  14.,   0.,  14.,   0.,  14.,
         14.,  14.,   6.,   0.,   0.,   0.,   0.,   0.],
       [  0.,   0.,   0.,   0.,   0.,  14.,   0.,  14.,  14.,   6.,   6.,
         14.,   0.,  14.,  14.,   0.,  14.,  14.,   6.,  14.,   6.,  14.,
         14.,  14.,   0.,   0.,   0.,   0.,   0.,   0.],
       [ 14.,   6.,  14.,   0.,  14.,   0.,   0.,   0.,   0.,   0.,  14.,
          0.,   6.,  14.,  14.,   6.,  14.,   0.,  14.,  14.,  14.,   0.,
         14.,  14.,   6.,   0.,   0.,   0.,   0.,   0.],
       [ 14.,   0.,  14.,   6.,  14.,   0.,   0.,   0.,   0.,   0.,  14.,
          6.,   0.,  14.,  14.,   0.,  14.,   6.,  14.,  14.,  14.,   6.,
         14.,  14.,   0.,   0.,   0.,   0.,   0.,   0.],
       [  0.,   0.,   0.,   0.,   0.,   6.,  14.,  14.,  14.,   0.,   0.,
          0.,   0.,   0.,   0.,  14.,   6.,  14.,   0.,  14.,   0.,  14.,
          6.,  14.,  14.,  14.,   6.,  14.,   0.,  14.],
       [  0.,   0.,   0.,   0.,   0.,   0.,  14.,  14.,  14.,   6.,   0.,
          0.,   0.,   0.,   0.,  14.,   0.,  14.,   6.,  14.,   6.,  14.,
          0.,  14.,  14.,  14.,   0.,  14.,   6.,  14.],
       [  0.,   0.,   0.,   0.,   0.,  14.,  14.,   0.,  14.,   6.,   6.,
         14.,  14.,   0.,  14.,   0.,   0.,   0.,   0.,   0.,   6.,  14.,
         14.,   0.,  14.,   0.,  14.,  14.,   6.,  14.],
       [  0.,   0.,   0.,   0.,   0.,  14.,  14.,   6.,  14.,   0.,   0.,
         14.,  14.,   6.,  14.,   0.,   0.,   0.,   0.,   0.,   0.,  14.,
         14.,   6.,  14.,   6.,  14.,  14.,   0.,  14.],
       [  0.,   6.,  14.,  14.,  14.,   0.,   6.,  14.,  14.,  14.,   0.,
          0.,   0.,   0.,   0.,   6.,   0.,  14.,  14.,  14.,  14.,  14.,
          0.,  14.,   6.,   0.,   0.,   0.,   0.,   0.],
       [  6.,   0.,  14.,  14.,  14.,   6.,   0.,  14.,  14.,  14.,   0.,
          0.,   0.,   0.,   0.,   0.,   6.,  14.,  14.,  14.,  14.,  14.,
          6.,  14.,   0.,   0.,   0.,   0.,   0.,   0.],
       [ 14.,  14.,   6.,   0.,  14.,   0.,   0.,   0.,   0.,   0.,  14.,
          0.,  14.,  14.,   6.,  14.,  14.,   0.,  14.,   6.,   0.,   0.,
          0.,   0.,   0.,  14.,  14.,   0.,  14.,   6.],
       [ 14.,  14.,   0.,   6.,  14.,   0.,   0.,   0.,   0.,   0.,  14.,
          6.,  14.,  14.,   0.,  14.,  14.,   6.,  14.,   0.,   0.,   0.,
          0.,   0.,   0.,  14.,  14.,   6.,  14.,   0.]]), array([[ 744.,  744.,  744.,  120.,  744.,  744.],
       [ 120.,  744.,  744.,  744.,  744.,  744.],
       [ 744.,  744.,  120.,  744.,  744.,  744.],
       [ 744.,  120.,  744.,  744.,  744.,  744.],
       [ 744.,  744.,  744.,  744.,  120.,  744.],
       [ 744.,  744.,  744.,  744.,  744.,  120.]])]
('poset dims', 7) [7, 42, 105, 140, 105, 42, 7]
('matrix dimensions', 7) [7, 42, 105, 105, 42, 7]
('matrix compositions', 7) [array([[ 0.,  0.,  0., ...,  0.,  0.,  0.],
       [ 0.,  0.,  0., ...,  0.,  0.,  0.],
       [ 0.,  0.,  0., ...,  0.,  0.,  0.],
       ..., 
       [ 0.,  0.,  0., ...,  0.,  0.,  0.],
       [ 0.,  0.,  0., ...,  0.,  0.,  0.],
       [ 0.,  0.,  0., ...,  0.,  0.,  0.]]), array([[ 90.,  24.,  90., ...,   0.,   0.,   0.],
       [ 90.,   0.,  90., ...,   0.,   0.,   0.],
       [  0.,   0.,   0., ...,   0.,   0.,   0.],
       ..., 
       [  0.,   0.,   0., ...,  90.,  24.,   0.],
       [ 90.,  24.,  90., ...,  90.,  90.,  90.],
       [ 90.,   0.,  90., ...,  90.,  90.,  90.]]), array([[ 7560.,  7560.,  7560.,  7560.,   720.,  7560.,  7560.],
       [ 7560.,  7560.,   720.,  7560.,  7560.,  7560.,  7560.],
       [ 7560.,  7560.,  7560.,  7560.,  7560.,  7560.,   720.],
       [  720.,  7560.,  7560.,  7560.,  7560.,  7560.,  7560.],
       [ 7560.,   720.,  7560.,  7560.,  7560.,  7560.,  7560.],
       [ 7560.,  7560.,  7560.,   720.,  7560.,  7560.,  7560.],
       [ 7560.,  7560.,  7560.,  7560.,  7560.,   720.,  7560.]])]
('poset dims', 8) [8, 56, 168, 280, 280, 168, 56, 8]
('matrix dimensions', 8) [8, 56, 168, 280, 168, 56, 8]
('matrix compositions', 8) [array([[ 0.,  0.,  0., ...,  0.,  0.,  0.],
       [ 0.,  0.,  0., ...,  0.,  0.,  0.],
       [ 0.,  0.,  0., ...,  0.,  0.,  0.],
       ..., 
       [ 0.,  0.,  0., ...,  0.,  0.,  0.],
       [ 0.,  0.,  0., ...,  0.,  0.,  0.],
       [ 0.,  0.,  0., ...,  0.,  0.,  0.]]), array([[ 14.,  14.,   6., ...,  14.,  14.,   0.],
       [ 14.,  14.,   0., ...,  14.,  14.,   0.],
       [ 14.,  14.,   0., ...,  14.,  14.,   6.],
       ..., 
       [ 14.,  14.,   6., ...,   0.,   0.,   0.],
       [ 14.,  14.,   0., ...,   0.,   0.,   0.],
       [ 14.,  14.,   0., ...,   0.,   0.,   0.]]), array([[ 744.,    0.,  744., ...,  744.,  120.,  744.],
       [ 744.,  120.,  744., ...,  744.,    0.,  744.],
       [   0.,    0.,    0., ...,  120.,  744.,    0.],
       ..., 
       [ 744.,  744.,  120., ...,    0.,  744.,  744.],
       [ 120.,  744.,  744., ...,    0.,  744.,  744.],
       [   0.,  744.,  744., ...,  120.,  744.,  744.]]), array([[ 91440.,  91440.,  91440.,  91440.,  91440.,   5040.,  91440.,
         91440.],
       [ 91440.,   5040.,  91440.,  91440.,  91440.,  91440.,  91440.,
         91440.],
       [  5040.,  91440.,  91440.,  91440.,  91440.,  91440.,  91440.,
         91440.],
       [ 91440.,  91440.,  91440.,   5040.,  91440.,  91440.,  91440.,
         91440.],
       [ 91440.,  91440.,  91440.,  91440.,  91440.,  91440.,   5040.,
         91440.],
       [ 91440.,  91440.,   5040.,  91440.,  91440.,  91440.,  91440.,
         91440.],
       [ 91440.,  91440.,  91440.,  91440.,   5040.,  91440.,  91440.,
         91440.],
       [ 91440.,  91440.,  91440.,  91440.,  91440.,  91440.,  91440.,
          5040.]])]
('poset dims', 9) [9, 72, 252, 504, 630, 504, 252, 72, 9]
('matrix dimensions', 9) [9, 72, 252, 504, 504, 252, 72, 9]
('matrix compositions', 9) [array([[ 0.,  0.,  0., ...,  0.,  0.,  3.],
       [ 0.,  0.,  0., ...,  0.,  2.,  3.],
       [ 0.,  0.,  0., ...,  2.,  0.,  3.],
       ..., 
       [ 0.,  0.,  0., ...,  0.,  0.,  0.],
       [ 0.,  0.,  0., ...,  0.,  0.,  0.],
       [ 0.,  0.,  0., ...,  0.,  0.,  0.]]), array([[ 0.,  0.,  0., ...,  0.,  0.,  0.],
       [ 0.,  0.,  0., ...,  0.,  0.,  0.],
       [ 0.,  0.,  0., ...,  0.,  0.,  0.],
       ..., 
       [ 0.,  0.,  0., ...,  0.,  0.,  0.],
       [ 0.,  0.,  0., ...,  0.,  0.,  0.],
       [ 0.,  0.,  0., ...,  0.,  0.,  0.]]), array([[ 7560.,  7560.,  7560., ...,     0.,  7560.,  7560.],
       [ 7560.,  7560.,  7560., ...,   720.,  7560.,  7560.],
       [ 7560.,  7560.,   720., ...,     0.,     0.,     0.],
       ..., 
       [ 7560.,  7560.,  7560., ...,     0.,     0.,     0.],
       [    0.,     0.,     0., ...,  7560.,   720.,     0.],
       [    0.,     0.,     0., ...,  7560.,     0.,   720.]]), array([[ 1285200.,  1285200.,    40320.,  1285200.,  1285200.,  1285200.,
         1285200.,  1285200.,  1285200.],
       [ 1285200.,  1285200.,  1285200.,  1285200.,  1285200.,  1285200.,
         1285200.,  1285200.,    40320.],
       [   40320.,  1285200.,  1285200.,  1285200.,  1285200.,  1285200.,
         1285200.,  1285200.,  1285200.],
       [ 1285200.,  1285200.,  1285200.,    40320.,  1285200.,  1285200.,
         1285200.,  1285200.,  1285200.],
       [ 1285200.,  1285200.,  1285200.,  1285200.,  1285200.,  1285200.,
         1285200.,    40320.,  1285200.],
       [ 1285200.,  1285200.,  1285200.,  1285200.,  1285200.,  1285200.,
           40320.,  1285200.,  1285200.],
       [ 1285200.,  1285200.,  1285200.,  1285200.,    40320.,  1285200.,
         1285200.,  1285200.,  1285200.],
       [ 1285200.,    40320.,  1285200.,  1285200.,  1285200.,  1285200.,
         1285200.,  1285200.,  1285200.],
       [ 1285200.,  1285200.,  1285200.,  1285200.,  1285200.,    40320.,
         1285200.,  1285200.,  1285200.]])]
