128
vertices:
[()]
[(7,)]
[(2, 4), (2, 3), (0, 2)]
[(0, 4, 6), (4, 6, 7), (3, 4, 5)]
[(1, 2, 4, 5), (0, 1, 3, 5), (0, 2, 5, 7), (4, 5, 6, 7), (0, 1, 4, 5)]
[(2, 3, 4, 6, 7), (1, 2, 3, 5, 7), (0, 4, 5, 6, 7)]
[(0, 1, 2, 4, 6, 7), (0, 1, 2, 3, 5, 6), (0, 1, 2, 3, 4, 5)]
[(0, 1, 3, 4, 5, 6, 7)]
[(0, 1, 2, 3, 4, 5, 6, 7)]
edges:
[((7,), ())]
[((2, 4), (7,)), ((2, 3), (7,)), ((0, 2), (7,))]
[((0, 4, 6), (2, 4)), ((3, 4, 5), (2, 4)), ((4, 6, 7), (2, 3)), ((3, 4, 5), (2, 3)), ((0, 4, 6), (0, 2)), ((4, 6, 7), (0, 2))]
[((1, 2, 4, 5), (0, 4, 6)), ((0, 1, 3, 5), (0, 4, 6)), ((0, 2, 5, 7), (0, 4, 6)), ((0, 1, 3, 5), (4, 6, 7)), ((4, 5, 6, 7), (4, 6, 7)), ((1, 2, 4, 5), (3, 4, 5)), ((0, 1, 3, 5), (3, 4, 5)), ((0, 1, 4, 5), (3, 4, 5))]
[((2, 3, 4, 6, 7), (1, 2, 4, 5)), ((1, 2, 3, 5, 7), (1, 2, 4, 5)), ((2, 3, 4, 6, 7), (0, 1, 3, 5)), ((1, 2, 3, 5, 7), (0, 1, 3, 5)), ((0, 4, 5, 6, 7), (0, 1, 3, 5)), ((1, 2, 3, 5, 7), (0, 2, 5, 7)), ((0, 4, 5, 6, 7), (4, 5, 6, 7)), ((2, 3, 4, 6, 7), (0, 1, 4, 5))]
[((0, 1, 2, 4, 6, 7), (2, 3, 4, 6, 7)), ((0, 1, 2, 3, 4, 5), (2, 3, 4, 6, 7)), ((0, 1, 2, 4, 6, 7), (1, 2, 3, 5, 7)), ((0, 1, 2, 3, 5, 6), (1, 2, 3, 5, 7)), ((0, 1, 2, 3, 5, 6), (0, 4, 5, 6, 7)), ((0, 1, 2, 3, 4, 5), (0, 4, 5, 6, 7))]
[((0, 1, 3, 4, 5, 6, 7), (0, 1, 2, 4, 6, 7)), ((0, 1, 3, 4, 5, 6, 7), (0, 1, 2, 3, 5, 6)), ((0, 1, 3, 4, 5, 6, 7), (0, 1, 2, 3, 4, 5))]
[((0, 1, 2, 3, 4, 5, 6, 7), (0, 1, 3, 4, 5, 6, 7))]
